0 1410.5919804600162
1 1379.6998776379723
2 1352.1212057436549
3 1326.8455456716351
4 1302.5796101004773
5 1278.3420075890524
6 1253.872267513334
7 1229.1515056572068
8 1204.0780028364672
9 1178.2408189764906
10 1151.7734621388531
11 1125.9582779442042
12 1100.7334472990215
13 1075.9719304236794
14 1052.044700585409
15 1029.3094960522426
16 1007.9227789899647
17 987.8449030318496
18 968.9408137133313
19 951.0823116963821
20 934.1966383850792
21 918.2841122536779
22 903.442339776238
23 889.7046235143308
24 876.9517076977035
25 865.0376485835999
26 853.8394016405394
27 843.2526653447786
28 833.1873057104225
29 823.5651129747183
30 814.3175924781148
31 805.3837946353926
32 796.7090174224753
33 788.2451734968587
34 779.9534582856386
35 771.8086516487945
36 763.8010158823926
37 755.9309974277443
38 748.1995222675096
39 740.6032718960037
40 733.1374762908326
41 725.7989981306778
42 718.5847811416777
43 711.4888386671923
44 704.5016794256513
45 697.6114681237332
46 690.8046686014949
47 684.0656482203149
48 677.376253149695
49 670.716253752896
50 664.0646326653542
51 657.401181081772
52 650.7079894654026
53 643.9706873089785
54 637.1792971332541
55 630.3283701887883
56 623.4160851968513
57 616.4423835947763
58 609.4066711778438
59 602.305904729644
60 595.1338574133914
61 587.8817988321905
62 580.5401229040106
63 573.1002875984868
64 565.5567201089668
65 557.908550637988
66 550.1608340224093
67 542.3243723275617
68 534.4133542269685
69 526.4418027146883
70 518.4211996125969
71 510.3601148674634
72 502.26475544993747
73 494.1396417631244
74 485.9884969761393
75 477.8154011428457
76 469.62583063862337
77 461.4270512944853
78 453.22753297870713
79 445.03550792577283
80 436.8573556750571
81 428.69674815451236
82 420.5550406798587
83 412.4325334985551
84 404.32972550953656
85 396.24787449678337
86 388.1887352122997
87 380.15381975306406
88 372.14370271386616
89 364.15779945368206
90 356.19488825088894
91 348.25465853080556
92 340.34074203841806
93 332.4657180887202
94 324.6579095028669
95 316.96726970065185
96 309.46234369345296
97 302.20910535245736
98 295.2421404577038
99 288.5587346922981
100 282.13875119081024
101 275.96242448045496
102 270.0143802606519
103 264.28129706677953
104 258.74983632372107
105 253.40626670821285
106 248.23702406379158
107 243.2293391149507
108 238.37154427151225
109 233.65305162148664
110 229.06414093734466
111 224.59570448380103
112 220.2390768005038
113 215.98608996197675
114 211.8295325655238
115 207.76416048419875
116 203.78811063389176
117 199.90390793883677
118 196.1178005222656
119 192.43705456708634
120 188.86677204813603
121 185.40828787212465
122 182.0595400561349
123 178.81635548897876
124 175.67365039543716
125 172.6261960646739
126 169.66900057255006
127 166.79745272172855
128 164.00734542653277
129 161.2948483778861
130 158.6564652187278
131 156.08899054538801
132 153.5894720969206
133 151.15517911168413
134 148.7835762055069
135 146.47230172351902
136 144.21914958538838
137 142.02205384578545
138 139.8790753955565
139 137.788390392005
140 135.74828012348144
141 133.75712209165204
142 131.81338214484228
143 129.91560752717956
144 128.06242072818722
145 126.25251403096011
146 124.48464466716142
147 122.75763049562326
148 121.07034612954585
149 119.4217194463743
150 117.81072842594017
151 116.2363982784348
152 114.69779884638245
153 113.19404229547175
154 111.72428114672257
155 110.2877067403786
156 108.88354824402198
157 107.51107229493022
158 106.16958325942949
159 104.85842386104696
160 103.57697556779527
161 102.32465770873445
162 101.10092399851202
163 99.9052552639747
164 98.73714792148793
165 97.59609911300146
166 96.48159092366325
167 95.39307703641384
168 94.32997493261922
169 93.2916653075772
170 92.27749836709249
171 91.28680498538822
172 90.31890993213173
173 89.37314457641465
174 88.44885729477637
175 87.54542078657757
176 86.66223629869224
177 85.79873524841385
178 84.95437892776431
179 84.1286569637645
180 83.32108509423232
181 82.53120266994506
182 81.75857015422258
183 81.00276677893932
184 80.26338843542321
185 79.54004582591519
186 78.83236286984263
187 78.1399753427199
188 77.4625297187375
189 76.79968218712813
190 76.15109781452145
191 75.51644982902353
192 74.89541900564629
193 74.2876931364251
194 73.69296657183212
195 73.11093982281866
196 72.54131921501946
197 71.98381658836605
198 71.43814903666504
199 70.90403868266624
200 70.38121248485548
201 69.86940207270729
202 69.36834360749202
203 68.87777766597962
204 68.3974491445687
205 67.92710718151854
206 67.46650509510134
207 67.01540033563873
208 66.57355444956393
209 66.14073305385642
210 65.71670581945061
211 65.30124646251026
212 64.89413274279521
213 64.49514646870152
214 64.10407350893269
215 63.72070381111292
216 63.34483142797822
217 62.97625455201965
218 62.61477555958795
219 62.26020106544248
220 61.91234198851274
221 61.57101362920433
222 61.23603575790859
223 60.90723271347392
224 60.58443350930449
225 60.26747194353983
226 59.95618670854593
227 59.65042149385392
228 59.35002507587328
229 59.054851387342964
230 58.76475955969035
231 58.479613932316795
232 58.19928402431393
233 57.923644466124166
234 57.65257489100544
235 57.38595978858032
236 57.123688324955516
237 56.8656541356354
238 56.611755098527375
239 56.361893094669384
240 56.11597376392672
241 55.87390626194391
242 55.63560302329115
243 55.40097953424255
244 55.169954117168054
245 54.94244772727624
246 54.718383761507674
247 54.49768787877317
248 54.28028783046018
249 54.06611330010592
250 53.85509575131743
251 53.64716828330536
252 53.44226549373189
253 53.24032334889652
254 53.04127906155464
255 52.84507097685852
256 52.651638467017456
257 52.46092183529336
258 52.27286222988213
259 52.08740156809876
260 51.90448247109458
261 51.72404820911494
262 51.546042657063566
263 51.370410259902826
264 51.197096007198745
265 51.02604541593046
266 50.85720452053262
267 50.69051986904232
268 50.5259385241664
269 50.36340806808742
270 50.20287660986764
271 50.04429279439893
272 49.88760581195917
273 49.732765407580835
274 49.579721889594936
275 49.428426136873405
276 49.27882960446503
277 49.13088432746882
278 48.984542923139315
279 48.8397585913418
280 48.69648511358351
281 48.55467685093146
282 48.41428874118766
283 48.275276295731
284 48.1375955964502
285 48.00120329318467
286 47.86605660206844
287 47.7321133051282
288 47.59933175143469
289 47.46767086004291
290 47.33709012488742
291 47.20754962172817
292 47.07901001717369
293 46.95143257974492
294 46.82477919288725
295 46.699012369796506
296 46.57409526989234
297 46.44999171675729
298 46.32666621735509
299 46.20408398235236
300 46.08221094738421
301 45.961013795130256
302 45.84045997808946
303 45.72051774196476
304 45.60115614957666
305 45.48234510521904
306 45.36405537934711
307 45.24625863343515
308 45.12892744477224
309 45.012035330863526
310 44.895556772992954
311 44.77946723837136
312 44.66374320016317
313 44.54836215455857
314 44.43330263396093
315 44.31854421528596
316 44.20406752236012
317 44.08985422144994
318 43.97588700907561
319 43.86214959146503
320 43.748626655285705
321 43.635303829654376
322 43.52216763985366
323 43.409205453673515
324 43.29640542181807
325 43.183756414360346
326 43.07124795576636
327 42.95887016151518
328 42.84661367980446
329 42.73446964221961
330 42.62242962754352
331 42.51048564307934
332 42.39863012792282
333 42.28685598253697
334 42.17515662872157
335 42.06352610359481
336 41.95195919048096
337 41.84045158856102
338 41.72900012176082
339 41.617602985553745
340 41.506260028124835
341 41.3949730596681
342 41.283746180524496
343 41.17258611552938
344 41.061502538542655
345 40.95050836798879
346 40.83962001175061
347 40.728857538416825
348 40.61824475216928
349 40.50780915094836
350 40.39758175220809
351 40.28759677757564
352 40.177891196712416
353 40.06850414092912
354 39.959476207598286
355 39.85084868590616
356 39.74266274176338
357 39.6349586037321
358 39.52777479203864
359 39.42114742906187
360 39.31510966262998
361 39.20969122397139
362 39.104918131493825
363 39.000812540976824
364 38.89739273338409
365 38.79467322412102
366 38.692664972611205
367 38.591375668572425
368 38.49081007109537
369 38.39097037810608
370 38.29185660650206
371 38.19346696665201
372 38.095798218592144
373 37.9988460007788
374 37.9026051254336
375 37.80706983720315
376 37.71223403400809
377 37.61809145058467
378 37.52463580637736
379 37.431860920205146
380 37.33976079456739
381 37.24832967266886
382 37.15756207128629
383 37.06745279253853
384 36.977996917500704
385 36.889189784453734
386 36.801026954410304
387 36.713504166415554
388 36.62661728499676
389 36.54036224202487
390 36.45473497515057
391 36.36973136488149
392 36.28534717226008
393 36.20157797898328
394 36.118419131660616
395 36.03586569173029
396 35.953912392348336
397 35.87255360332359
398 35.79178330490276
399 35.71159507092049
400 35.631982061525406
401 35.55293702539233
402 35.47445231103966
403 35.39651988660568
404 35.319131367209394
405 35.242278048832844
406 35.165950947530504
407 35.09014084268837
408 35.014838323028286
409 34.94003383407599
410 34.86571772587776
411 34.791880299857404
412 34.71851185383572
413 34.64560272438944
414 34.573143325889504
415 34.50112418572243
416 34.429535975361745
417 34.35836953710329
418 34.28761590641513
419 34.217266329969036
420 34.147312279517216
421 34.07774546185602
422 34.00855782517727
423 33.9397415621456
424 33.87128911006821
425 33.803193148529
426 33.735446594861585
427 33.66804259782153
428 33.600974529800794
429 33.534235977904125
430 33.46782073417811
431 33.401722785256595
432 33.33593630165233
433 33.27045562689841
434 33.205275266711034
435 33.14038987831866
436 33.075794260076805
437 33.01148334146426
438 32.9474521735346
439 32.8836959198796
440 32.82020984814264
441 32.75698932210804
442 32.69402979437806
443 32.63132679964134
444 32.568875948525836
445 32.506672922023796
446 32.44471346647182
447 32.382993389061596
448 32.321508553858365
449 32.26025487829739
450 32.19922833013127
451 32.138424924796965
452 32.077840723174376
453 32.017471829704725
454 31.95731439084174
455 31.897364593806504
456 31.837618665618898
457 31.778072872380342
458 31.71872351878277
459 31.659566947821308
460 31.60059954068869
461 31.54181771683117
462 31.4832179341475
463 31.42479668931318
464 31.366550518214105
465 31.308475996474755
466 31.250569740067707
467 31.192828405991236
468 31.13524869300463
469 31.077827342409886
470 31.02056113887147
471 30.963446911264384
472 30.906481533543477
473 30.849661925626858
474 30.792985054286575
475 30.736447934041372
476 30.68004762804522
477 30.623781248967795
478 30.5676459598619
479 30.51163897501365
480 30.455757560772344
481 30.39999903635561
482 30.344360774627926
483 30.28884020284865
484 30.233434803386928
485 30.17814211440197
486 30.122959730485377
487 30.067885303263825
488 30.01291654196103
489 29.958051213916143
490 29.903287145058318
491 29.84862222033597
492 29.794054384099752
493 29.73958164043942
494 29.685202053473855
495 29.63091374759515
496 29.57671490766713
497 29.52260377917978
498 29.468578668361374
499 29.414637942250714
500 29.360780028731995
501 29.307003416536766
502 29.25330665521612
503 29.199688355088778
504 29.146147187170357
505 29.092681883089448
506 29.039291234998302
507 28.985974095484178
508 28.932729377490176
509 28.879556054253126
510 28.82645315926731
511 28.77341978628283
512 28.720455089347222
513 28.667558282899467
514 28.614728641923886
515 28.561965502174107
516 28.509268260471952
517 28.45663637509001
518 28.40406936622241
519 28.351566816548665
520 28.299128371893186
521 28.24675374198164
522 28.1944427012931
523 28.14219509000569
524 28.09001081502951
525 28.037889851118834
526 27.98583224205341
527 27.933838101874624
528 27.881907616159687
529 27.83004104331446
530 27.77823871586111
531 27.72650104169546
532 27.674828505283447
533 27.62322166876639
534 27.57168117293845
535 27.52020773806062
536 27.468802164471224
537 27.41746533295327
538 27.366198204815756
539 27.315001821648785
540 27.26387730470937
541 27.212825853899275
542 27.16184874629543
543 27.110947334198702
544 27.060123042669616
545 27.009377366524326
546 26.958711866771353
547 26.90812816647427
548 26.857627946035702
549 26.80721293790381
550 26.7568849207133
551 26.706645712882285
552 26.656497165693903
553 26.60644115590505
554 26.556479577930943
555 26.506614335664757
556 26.45684733399973
557 26.407180470129664
558 26.35761562470797
559 26.30815465295213
560 26.258799375783088
561 26.20955157109146
562 26.160412965220008
563 26.111385224753306
564 26.06246994869872
565 26.013668661138254
566 25.964982804424174
567 25.91641373298121
568 25.867962707771035
569 25.819630891459756
570 25.771419344322865
571 25.72332902090579
572 25.675360767450204
573 25.627515320082683
574 25.57979330375234
575 25.53219523189427
576 25.484721506786805
577 25.437372420561555
578 25.39014815682149
579 25.343048792813985
580 25.296074302104667
581 25.249224557693907
582 25.202499335517395
583 25.155898318271895
584 25.10942109950902
585 25.063067187940497
586 25.016836011902686
587 24.970726923930386
588 24.924739205393763
589 24.878872071157247
590 24.833124674221715
591 24.787496110317882
592 24.74198542242053
593 24.6965916051595
594 24.651313609105927
595 24.606150344916337
596 24.561100687320227
597 24.516163478940786
598 24.471337533939888
599 24.42662164148152
600 24.382014569010092
601 24.3375150653417
602 24.293121863567947
603 24.24883368377284
604 24.20464923556579
605 24.16056722043228
606 24.11658633390697
607 24.072705267573017
608 24.02892271089198
609 23.985237352870065
610 23.94164788356541
611 23.898152995442782
612 23.85475138458106
613 23.811441751739494
614 23.768222803290083
615 23.725093252021516
616 23.682051817821986
617 23.6390972282487
618 23.596228218990056
619 23.553443534229643
620 23.51074192691944
621 23.468122158970562
622 23.425583001371
623 23.38312323423855
624 23.340741646819673
625 23.298437037443108
626 23.25620821343856
627 23.214053991031673
628 23.171973195224993
629 23.129964659675803
630 23.08802722658215
631 23.046159746587282
632 23.004361078713103
633 22.96263009033347
634 22.920965657196437
635 22.87936666350555
636 22.837832002068765
637 22.796360574522875
638 22.75495129164068
639 22.71360307372739
640 22.672314851110563
641 22.631085564728426
642 22.589914166818325
643 22.548799621707136
644 22.50774090670323
645 22.46673701308898
646 22.42578694721011
647 22.384889731658376
648 22.344044406542
649 22.303250030835958
650 22.262505683805607
651 22.221810466493366
652 22.1811635032583
653 22.140563943358792
654 22.100010962565094
655 22.059503764790904
656 22.01904158373057
657 21.978623684489357
658 21.938249365194512
659 21.897917958573398
660 21.857628833487624
661 21.81738139640986
662 21.77717509283322
663 21.737009408601697
664 21.696883871152195
665 21.656798050659138
666 21.616751561073837
667 21.576744061051517
668 21.536775254760425
669 21.496844892568532
670 21.45695277160357
671 21.417098736185206
672 21.377282678126893
673 21.33750453690766
674 21.297764299714977
675 21.258062001359608
676 21.21839772406553
677 21.178771597138116
678 21.139183796515127
679 21.09963454420408
680 21.06012410761257
681 21.020652798776172
682 20.98122097349038
683 20.941829030352974
684 20.902477409722902
685 20.863166592602482
686 20.823897099449464
687 20.78466948892563
688 20.745484356588207
689 20.706342333530735
690 20.66724408497941
691 20.628190308850723
692 20.589181734276764
693 20.550219120102582
694 20.511303253362254
695 20.472434947737316
696 20.433615042002913
697 20.3948443984659
698 20.356123901398934
699 20.31745445547442
700 20.27883698420215
701 20.240272428373462
702 20.201761744515498
703 20.16330590335827
704 20.12490588831749
705 20.086562693995205
706 20.048277324701264
707 20.010050792997372
708 19.97188411826604
709 19.933778325306267
710 19.89573444295834
711 19.85775350275836
712 19.819836537625676
713 19.7819845805835
714 19.744198663514887
715 19.706479815955348
716 19.668829063923152
717 19.631247428788914
718 19.59373592618513
719 19.55629556495723
720 19.518927346156282
721 19.48163226207531
722 19.444411295328536
723 19.407265417975193
724 19.37019559068823
725 19.333202761967552
726 19.296287867398732
727 19.259451828957424
728 19.22269555435817
729 19.186019936449387
730 19.14942585265223
731 19.112914164444497
732 19.076485716887838
733 19.04014133819847
734 19.003881839359853
735 18.967708013776992
736 18.931620636970894
737 18.895620466312256
738 18.859708240793214
739 18.823884680835647
740 18.78815048813466
741 18.752506345536077
742 18.716952916946088
743 18.681490847271487
744 18.646120762389394
745 18.61084326914422
746 18.57565895537058
747 18.54056838994051
748 18.50557212283323
749 18.47067068522602
750 18.435864589604428
751 18.401154329890332
752 18.366540381586308
753 18.332023201934945
754 18.297603230091436
755 18.263280887308273
756 18.229056577130777
757 18.194930685601804
758 18.160903581475186
759 18.126975616435963
760 18.09314712532708
761 18.059418426380944
762 18.025789821455735
763 17.992261596274638
764 17.958834020668426
765 17.92550734881958
766 17.892281819508014
767 17.859157656357894
768 17.826135068084678
769 17.793214248742387
770 17.760395377970283
771 17.727678621238987
772 17.695064130096046
773 17.662552042409942
774 17.630142482613156
775 17.59783556194393
776 17.565631378686433
777 17.533530018409547
778 17.501531554204306
779 17.469636046919586
780 17.437843545396888
781 17.406154086703197
782 17.374567696362877
783 17.34308438858833
784 17.311704166509703
785 17.280427022403117
786 17.249252937918754
787 17.21818188430739
788 17.18721382264692
789 17.156348704067998
790 17.125586469979236
791 17.09492705229214
792 17.06437037364596
793 17.033916347631894
794 17.00356487901784
795 16.973315863972424
796 16.943169190289684
797 16.91312473761336
798 16.883182377661523
799 16.85334197445114
800 16.823603384522652
801 16.793966457164874
802 16.76443103463973
803 16.734996952406874
804 16.705664039348598
805 16.67643211799403
806 16.647301004743497
807 16.618270510092238
808 16.589340438853984
809 16.560510590383362
810 16.531780758798043
811 16.503150733199533
812 16.47462029789323
813 16.44618923260694
814 16.41785731270785
815 16.389624309418103
816 16.361489990028264
817 16.333454118108584
818 16.305516453718248
819 16.27767675361171
820 16.24993477144258
821 16.22229025796407
822 16.194742961226655
823 16.16729262677158
824 16.13993899782135
825 16.11268181546561
826 16.085520818843108
827 16.05845574531911
828 16.03148633065801
829 16.00461230919113
830 15.977833413979159
831 15.951149376969498
832 15.92455992914764
833 15.898064800682842
834 15.871663721068092
835 15.845356419253285
836 15.819142623772523
837 15.7930220628646
838 15.766994464586787
839 15.74105955692184
840 15.715217067877846
841 15.689466725581164
842 15.663808258361968
843 15.6382413948324
844 15.61276586395753
845 15.587381395118708
846 15.562087718169305
847 15.536884563483037
848 15.51177166199456
849 15.486748745232514
850 15.461815545345058
851 15.436971795117481
852 15.412217227982827
853 15.387551578024416
854 15.362974579971329
855 15.338485969186358
856 15.31408548164667
857 15.289772853917542
858 15.265547823118597
859 15.241410126883377
860 15.217359503312254
861 15.193395690918454
862 15.16951842856754
863 15.145727455411045
864 15.122022510813329
865 15.09840333427296
866 15.074869665338392
867 15.051421243517641
868 15.028057808183126
869 15.00477909847134
870 14.981584853177404
871 14.95847481064541
872 14.935448708653988
873 14.91250628429802
874 14.889647273866524
875 14.866871412716765
876 14.8441784351452
877 14.821568074255188
878 14.799040061822325
879 14.776594128156948
880 14.754230001964508
881 14.731947410204274
882 14.709746077946216
883 14.687625728226806
884 14.665586081903815
885 14.643626857510222
886 14.621747771108412
887 14.59994853614364
888 14.578228863298213
889 14.556588460346475
890 14.535027032010445
891 14.513544279816754
892 14.49213990195552
893 14.47081359314095
894 14.449565044474049
895 14.4283939433082
896 14.407299973117405
897 14.386282813367563
898 14.365342139391306
899 14.34447762226635
900 14.32368892869754
901 14.3029757209031
902 14.282337656504735
903 14.261774388422312
904 14.241285564772408
905 14.220870828771309
906 14.200529818642375
907 14.180262167527149
908 14.160067503400619
909 14.139945448989833
910 14.119895621696044
911 14.099917633519313
912 14.080011090985533
913 14.060175595075068
914 14.040410741151915
915 14.020716118893233
916 14.001091312217246
917 13.981535899209527
918 13.962049452045425
919 13.942631536907657
920 13.92328171389798
921 13.903999536940532
922 13.884784553675532
923 13.865636305341557
924 13.846554326644183
925 13.827538145608672
926 13.808587283415307
927 13.789701254214009
928 13.770879564916909
929 13.75212171496523
930 13.733427196069421
931 13.714795491918752
932 13.69622607785858
933 13.677718420532326
934 13.659271977485991
935 13.64088619673241
936 13.62256051627341
937 13.604294363576885
938 13.58608715500705
939 13.567938295206147
940 13.5498471764253
941 13.531813177803254
942 13.513835664591554
943 13.495913987325384
944 13.478047480939068
945 13.460235463825947
946 13.442477236842594
947 13.424772082258173
948 13.407119262648848
949 13.38951801973967
950 13.371967573194839
951 13.3544671193589
952 13.337015829951863
953 13.31961285072135
954 13.302257300055645
955 13.284948267562553
956 13.267684812618876
957 13.25046596289611
958 13.23329071286898
959 13.2161580223143
960 13.19906681480694
961 13.182015976221775
962 13.165004353251092
963 13.148030751946441
964 13.131093936295906
965 13.114192626848459
966 13.097325499395893
967 13.08049118372693
968 13.063688262465286
969 13.046915270006826
970 13.030170691570254
971 13.013452962376952
972 12.996760466976562
973 12.98009153873474
974 12.96344445950144
975 12.94681745947705
976 12.930208717295955
977 12.913616360345955
978 12.897038465344027
979 12.880473059187036
980 12.863918120098186
981 12.847371579089128
982 12.830831321756142
983 12.81429519043092
984 12.797760986703059
985 12.78122647433225
986 12.764689382565548
987 12.74814740987431
988 12.731598228122346
989 12.715039487175245
990 12.698468819957107
991 12.681883847957977
992 12.66528218719102
993 12.648661454594787
994 12.632019274870347
995 12.61535328773853
996 12.598661155596472
997 12.58194057154765
998 12.565189267771672
999 12.548405024195931
1000 12.531585677423164
1001 12.514729129863282
1002 12.497833359011134
1003 12.480896426806565
1004 12.463916489006905
1005 12.446891804497037
1006 12.429820744458866
1007 12.412701801316762
1008 12.395533597375456
1009 12.378314893063502
1010 12.361044594696372
1011 12.343721761674498
1012 12.326345613033919
1013 12.308915533270998
1014 12.291431077369047
1015 12.273891974959593
1016 12.25629813356133
1017 12.238649640847099
1018 12.220946765899981
1019 12.203189959431674
1020 12.185379852945859
1021 12.16751725684309
1022 12.14960315747573
1023 12.131638713172654
1024 12.11362524926621
1025 12.09556425216555
1026 12.077457362529636
1027 12.05930636760459
1028 12.041113192797594
1029 12.022879892566332
1030 12.00460864071055
1031 11.986301720154668
1032 11.967961512315485
1033 11.94959048614829
1034 11.93119118696685
1035 11.912766225130477
1036 11.894318264688025
1037 11.875850012067405
1038 11.857364204891836
1039 11.838863601000334
1040 11.820350967742815
1041 11.801829071613808
1042 11.78330066828182
1043 11.764768493063134
1044 11.746235251882347
1045 11.727703612754253
1046 11.709176197813921
1047 11.690655575915642
1048 11.672144255813997
1049 11.653644679934754
1050 11.635159218737302
1051 11.616690165664611
1052 11.598239732672974
1053 11.57981004632898
1054 11.561403144457463
1055 11.54302097332165
1056 11.524665385313885
1057 11.50633813713277
1058 11.488040888422129
1059 11.469775200844776
1060 11.451542537564029
1061 11.43334426310539
1062 11.415181643570428
1063 11.3970558471754
1064 11.378967945087277
1065 11.360918912530625
1066 11.342909630139685
1067 11.324940885530246
1068 11.307013375068292
1069 11.289127705811959
1070 11.2712843976055
1071 11.253483885305158
1072 11.235726521117893
1073 11.218012577034715
1074 11.200342247342771
1075 11.18271565120061
1076 11.165132835262431
1077 11.147593776338923
1078 11.130098384082507
1079 11.112646503686719
1080 11.095237918590012
1081 11.077872353175593
1082 11.06054947545929
1083 11.04326889975948
1084 11.026030189342345
1085 11.008832859037964
1086 10.991676377822708
1087 10.974560171364118
1088 10.957483624525274
1089 10.940446083826394
1090 10.92344685986116
1091 10.906485229667053
1092 10.889560439047791
1093 10.872671704847821
1094 10.85581821717834
1095 10.83899914159503
1096 10.822213621227522
1097 10.805460778861242
1098 10.788739718972819
1099 10.772049529719345
1100 10.755389284883096
1101 10.738758045772817
1102 10.722154863082983
1103 10.705578778712507
1104 10.689028827544632
1105 10.672504039188901
1106 10.656003439688027
1107 10.639526053190217
1108 10.623070903589129
1109 10.606637016133327
1110 10.590223419006135
1111 10.57382914487836
1112 10.557453232434652
1113 10.541094727875732
1114 10.524752686397076
1115 10.508426173646498
1116 10.492114267160703
1117 10.475816057783017
1118 10.4595306510628
1119 10.44325716863764
1120 10.426994749599604
1121 10.410742551845583
1122 10.394499753413152
1123 10.378265553802121
1124 10.362039175282076
1125 10.34581986418658
1126 10.329606892193896
1127 10.313399557594378
1128 10.297197186544379
1129 10.2809991343066
1130 10.264804786476313
1131 10.248613560193082
1132 10.232424905337135
1133 10.216238305709968
1134 10.200053280197812
1135 10.18386938391726
1136 10.167686209341499
1137 10.151503387406128
1138 10.135320588592805
1139 10.11913752398917
1140 10.1029539463233
1141 10.086769650970755
1142 10.0705844769322
1143 10.054398307779177
1144 10.038211072566199
1145 10.022022746706151
1146 10.005833352806949
1147 9.989642961466236
1148 9.973451692021913
1149 9.957259713254832
1150 9.941067244041522
1151 9.924874553952867
1152 9.908681963796305
1153 9.89248984609769
1154 9.876298625519704
1155 9.860108779213308
1156 9.843920837098507
1157 9.827735382071253
1158 9.811553050132405
1159 9.79537453043527
1160 9.779200565248436
1161 9.76303194982953
1162 9.746869532206828
1163 9.730714212864799
1164 9.714566944330302
1165 9.698428730655499
1166 9.682300626794682
1167 9.66618373787105
1168 9.650079218331019
1169 9.633988270982268
1170 9.617912145913616
1171 9.601852139293257
1172 9.585809592043612
1173 9.569785888390568
1174 9.553782454285152
1175 9.537800755696447
1176 9.52184229677461
1177 9.505908617883096
1178 9.490001293500237
1179 9.474121929990131
1180 9.458272163243612
1181 9.442453656190702
1182 9.426668096186136
1183 9.410917192270745
1184 9.395202672311456
1185 9.379526280023745
1186 9.363889771880899
1187 9.34829491391567
1188 9.332743478419328
1189 9.317237240545587
1190 9.301777974826125
1191 9.286367451606557
1192 9.271007433410764
1193 9.255699671244512
1194 9.240445900847682
1195 9.225247838906945
1196 9.210107179240676
1197 9.195025588968452
1198 9.180004704678547
1199 9.165046128607223
1200 9.150151424843992
1201 9.135322115577583
1202 9.120559677397997
1203 9.10586553766982
1204 9.091241070992657
1205 9.07668759576408
1206 9.062206370861121
1207 9.047798592455644
1208 9.033465390979279
1209 9.019207828252094
1210 9.005026894790761
1211 8.990923507308544
1212 8.97689850642146
1213 8.962952654572211
1214 8.949086634183294
1215 8.935301046049409
1216 8.921596407978289
1217 8.907973153687456
1218 8.894431631963068
1219 8.880972106086299
1220 8.867594753529549
1221 8.85429966592548
1222 8.841086849308104
1223 8.827956224624756
1224 8.814907628516343
1225 8.801940814360915
1226 8.789055453574134
1227 8.776251137159951
1228 8.763527377501253
1229 8.750883610381244
1230 8.738319197223
1231 8.725833427534715
1232 8.713425521547103
1233 8.70109463302775
1234 8.688839852257123
1235 8.67666020915009
1236 8.664554676506027
1237 8.652522173371162
1238 8.640561568494903
1239 8.628671683863733
1240 8.616851298294959
1241 8.605099151073293
1242 8.593413945613307
1243 8.581794353132022
1244 8.570239016314849
1245 8.558746552960486
1246 8.547315559589855
1247 8.53594461500524
1248 8.524632283787295
1249 8.513377119717079
1250 8.502177669112921
1251 8.491032474071353
1252 8.47994007560331
1253 8.468899016657701
1254 8.457907845024515
1255 8.44696511611231
1256 8.436069395594014
1257 8.425219261917288
1258 8.414413308676439
1259 8.40365014684262
1260 8.392928406851487
1261 8.382246740547425
1262 8.371603822983673
1263 8.360998354080444
1264 8.35042906014001
1265 8.339894695223798
1266 8.329394042390462
1267 8.318925914801268
1268 8.308489156693259
1269 8.29808264422621
1270 8.287705286205693
1271 8.277356024688185
1272 8.267033835471883
1273 8.256737728478171
1274 8.24646674802909
1275 8.23621997302571
1276 8.22599651703258
1277 8.215795528273718
1278 8.205616189544823
1279 8.195457718047983
1280 8.185319365153049
1281 8.175200416091345
1282 8.165100189586992
1283 8.15501803743019
1284 8.144953343998024
1285 8.134905525726934
1286 8.124874030541802
1287 8.114858337246043
1288 8.104857954876547
1289 8.094872422028306
1290 8.084901306152105
1291 8.074944202828851
1292 8.065000735024828
1293 8.055070552330458
1294 8.045153330186308
1295 8.035248769098837
1296 8.025356593849384
1297 8.015476552698166
1298 8.005608416586501
1299 7.9957519783391025
1300 7.9859070518686135
1301 7.976073471384564
1302 7.966251090608193
1303 7.956439781994841
1304 7.946639435965797
1305 7.93684996015026
1306 7.927071278639165
1307 7.9173033312517065
1308 7.907546072815487
1309 7.897799472461299
1310 7.888063512932868
1311 7.878338189912896
1312 7.868623511365098
1313 7.858919496892969
1314 7.849226177116149
1315 7.839543593063487
1316 7.829871795584385
1317 7.820210844777216
1318 7.8105608094361525
1319 7.8009217665147395
1320 7.791293800608265
1321 7.781677003453081
1322 7.772071473443227
1323 7.762477315164869
1324 7.752894638947387
1325 7.743323560431001
1326 7.733764200151729
1327 7.724216683141541
1328 7.714681138545186
1329 7.705157699252031
1330 7.695646501543505
1331 7.686147684755069
1332 7.676661390952674
1333 7.667187764623376
1334 7.657726952379703
1335 7.64827910267701
1336 7.638844365544096
1337 7.629422892325991
1338 7.620014835439017
1339 7.610620348137615
1340 7.601239584292361
1341 7.591872698179086
1342 7.58251984427835
1343 7.573181177085343
1344 7.563856850929518
1345 7.5545470198035956
1346 7.5452518372020965
1347 7.535971455967991
1348 7.526706028148447
1349 7.517455704858491
1350 7.5082206361522115
1351 7.499000970902044
1352 7.489796856684586
1353 7.480608439674007
1354 7.471435864541416
1355 7.462279274361479
1356 7.453138810524149
1357 7.444014612653058
1358 7.434906818529296
1359 7.425815564020044
1360 7.4167409830134865
1361 7.407683207357439
1362 7.398642366803702
1363 7.3896185889562105
1364 7.380611999223918
1365 7.371622720777794
1366 7.3626508745116865
1367 7.353696579006913
1368 7.344759950500714
1369 7.335841102857922
1370 7.326940147546018
1371 7.318057193613531
1372 7.309192347671092
1373 7.3003457138756
1374 7.291517393917381
1375 7.2827074870093105
1376 7.273916089878992
1377 7.265143296763161
1378 7.25638919940439
1379 7.247653887049609
1380 7.238937446451559
1381 7.23023996187093
1382 7.221561515081369
1383 7.212902185376347
1384 7.2042620495763625
1385 7.195641182039644
1386 7.1870396546725885
1387 7.17845753694288
1388 7.169894895893385
1389 7.161351796157386
1390 7.152828299975196
1391 7.144324467211355
1392 7.135840355374053
1393 7.127376019634144
1394 7.118931512846129
1395 7.110506885569543
1396 7.102102186091336
1397 7.093717460449119
1398 7.085352752454644
1399 7.077008103718701
1400 7.068683553675818
1401 7.060379139610339
1402 7.052094896682254
1403 7.043830857954134
1404 7.0355870544179835
1405 7.027363515022841
1406 7.019160266702855
1407 7.01097733440475
1408 7.002814741117193
1409 6.994672507898529
1410 6.986550653906291
1411 6.978449196425905
1412 6.970368150900104
1413 6.962307530957795
1414 6.954267348444106
1415 6.9462476134490485
1416 6.938248334337622
1417 6.9302695177786555
1418 6.922311168774948
1419 6.914373290691717
1420 6.906455885287047
1421 6.898558952740011
1422 6.8906824916804945
1423 6.882826499217914
1424 6.874990970970122
1425 6.867175901091831
1426 6.859381282303592
1427 6.851607105919646
1428 6.84385336187616
1429 6.83612003875917
1430 6.828407123831991
1431 6.820714603062827
1432 6.813042461151657
1433 6.805390681557333
1434 6.797759246523874
1435 6.790148137106811
1436 6.782557333199401
1437 6.774986813557803
1438 6.767436555827122
1439 6.75990653656567
1440 6.752396731270315
1441 6.7449071144004815
1442 6.737437659402556
1443 6.7299883387331505
1444 6.722559123882998
1445 6.715149985399382
1446 6.707760892909587
1447 6.700391815142419
1448 6.693042719950939
1449 6.685713574333558
1450 6.678404344455725
1451 6.671114995670479
1452 6.663845492539655
1453 6.656595798853318
1454 6.649365877650401
1455 6.642155691237814
1456 6.634965201209806
1457 6.627794368466971
1458 6.620643153234456
1459 6.613511515080232
1460 6.606399412933275
1461 6.599306805100535
1462 6.592233649284692
1463 6.585179902600403
1464 6.578145521591402
1465 6.571130462246295
1466 6.564134680014693
1467 6.557158129822604
1468 6.550200766088052
1469 6.5432625427353726
1470 6.536343413210727
1471 6.52944333049576
1472 6.522562247121963
1473 6.515700115184585
1474 6.508856886355827
1475 6.502032511898177
1476 6.495226942677604
1477 6.488440129175888
1478 6.481672021502968
1479 6.474922569409701
1480 6.468191722298802
1481 6.461479429237532
1482 6.454785638968074
1483 6.448110299919554
1484 6.441453360218101
1485 6.43481476769844
1486 6.428194469913554
1487 6.4215924141452705
1488 6.415008547414221
1489 6.408442816489488
1490 6.401895167898485
1491 6.395365547935735
1492 6.388853902672717
1493 6.382360177966433
1494 6.375884319467984
1495 6.369426272631782
1496 6.362985982723048
1497 6.356563394826845
1498 6.350158453855667
1499 6.343771104557211
