0 [1406.66602639]
1 [1382.96146419]
2 [1361.54479103]
3 [1340.77296757]
4 [1319.47605076]
5 [1297.00376792]
6 [1272.88616951]
7 [1246.85195283]
8 [1218.79120072]
9 [1188.50102001]
10 [1156.17384152]
11 [1122.72853895]
12 [1088.91852219]
13 [1055.51460308]
14 [1023.37996145]
15 [992.88977555]
16 [964.27188399]
17 [937.71650743]
18 [913.27133241]
19 [890.85092818]
20 [870.29329571]
21 [851.42480788]
22 [834.11696026]
23 [818.28421709]
24 [803.82292466]
25 [790.5944131]
26 [778.45562454]
27 [767.25736552]
28 [756.83788004]
29 [747.03566869]
30 [737.69976215]
31 [728.69161968]
32 [719.88717854]
33 [711.18526235]
34 [702.52136762]
35 [693.87771175]
36 [685.2769097]
37 [676.75497078]
38 [668.3317696]
39 [660.00220158]
40 [651.74512378]
41 [643.53450019]
42 [635.34583492]
43 [627.15795131]
44 [618.95140087]
45 [610.70522747]
46 [602.39514698]
47 [593.99686556]
48 [585.49672048]
49 [576.90686544]
50 [568.27167006]
51 [559.64907688]
52 [551.0792505]
53 [542.57342141]
54 [534.12482464]
55 [525.72127193]
56 [517.35094883]
57 [509.0036679]
58 [500.67047336]
59 [492.34296492]
60 [484.01284799]
61 [475.67189747]
62 [467.31239264]
63 [458.92798498]
64 [450.51485709]
65 [442.07292804]
66 [433.60678369]
67 [425.12600287]
68 [416.64464696]
69 [408.17987484]
70 [399.74988627]
71 [391.37164252]
72 [383.05897824]
73 [374.82164641]
74 [366.6654647]
75 [358.59327517]
76 [350.60621934]
77 [342.70496193]
78 [334.89078657]
79 [327.16670457]
80 [319.53870204]
81 [312.01686295]
82 [304.61533031]
83 [297.34963911]
84 [290.23155526]
85 [283.26496159]
86 [276.446821]
87 [269.77277795]
88 [263.24364343]
89 [256.87004137]
90 [250.67328963]
91 [244.67949156]
92 [238.90702112]
93 [233.35679487]
94 [228.0147404]
95 [222.86185106]
96 [217.88137851]
97 [213.06047027]
98 [208.38923096]
99 [203.85960933]
100 [199.46473701]
101 [195.19862147]
102 [191.05602556]
103 [187.03243446]
104 [183.12405858]
105 [179.32784006]
106 [175.64143258]
107 [172.06312051]
108 [168.59164396]
109 [165.22591391]
110 [161.96464436]
111 [158.8059843]
112 [155.74726742]
113 [152.78497226]
114 [149.91490146]
115 [147.13249716]
116 [144.43317217]
117 [141.81256556]
118 [139.26669172]
119 [136.79199975]
120 [134.38537783]
121 [132.04413317]
122 [129.7659649]
123 [127.54893531]
124 [125.39143714]
125 [123.2921516]
126 [121.24999342]
127 [119.26404309]
128 [117.33347237]
129 [115.45747235]
130 [113.63519389]
131 [111.86570706]
132 [110.14798126]
133 [108.48088316]
134 [106.86318704]
135 [105.29359196]
136 [103.77074103]
137 [102.29323968]
138 [100.85967161]
139 [99.46861182]
140 [98.11863702]
141 [96.80833406]
142 [95.5363069]
143 [94.30118263]
144 [93.10161711]
145 [91.93630041]
146 [90.80396228]
147 [89.70337771]
148 [88.63337245]
149 [87.5928284]
150 [86.58068845]
151 [85.59596031]
152 [84.63771879]
153 [83.70510606]
154 [82.7973294]
155 [81.91365635]
156 [81.05340755]
157 [80.21594767]
158 [79.40067563]
159 [78.60701491]
160 [77.83440527]
161 [77.08229641]
162 [76.35014406]
163 [75.63740849]
164 [74.94355491]
165 [74.26805521]
166 [73.61039034]
167 [72.9700528]
168 [72.34654867]
169 [71.73939904]
170 [71.14814071]
171 [70.57232616]
172 [70.01152299]
173 [69.46531288]
174 [68.93329031]
175 [68.41506113]
176 [67.91024117]
177 [67.41845496]
178 [66.9393346]
179 [66.47251887]
180 [66.01765255]
181 [65.57438591]
182 [65.14237442]
183 [64.72127856]
184 [64.31076368]
185 [63.91049999]
186 [63.5201625]
187 [63.13943099]
188 [62.76799]
189 [62.40552877]
190 [62.05174121]
191 [61.70632591]
192 [61.36898612]
193 [61.03942977]
194 [60.71736956]
195 [60.40252302]
196 [60.09461263]
197 [59.79336601]
198 [59.49851605]
199 [59.20980113]
200 [58.92696529]
201 [58.64975851]
202 [58.37793688]
203 [58.11126284]
204 [57.84950541]
205 [57.59244046]
206 [57.33985087]
207 [57.09152678]
208 [56.84726581]
209 [56.60687311]
210 [56.37016154]
211 [56.13695159]
212 [55.90707129]
213 [55.68035598]
214 [55.45664797]
215 [55.23579612]
216 [55.01765534]
217 [54.80208619]
218 [54.58895455]
219 [54.37813145]
220 [54.16949325]
221 [53.96292209]
222 [53.75830673]
223 [53.55554371]
224 [53.35453875]
225 [53.15520845]
226 [52.95748195]
227 [52.76130263]
228 [52.56662966]
229 [52.37343917]
230 [52.18172514]
231 [51.99149967]
232 [51.80279274]
233 [51.61565124]
234 [51.43013737]
235 [51.24632623]
236 [51.06430284]
237 [50.88415854]
238 [50.70598695]
239 [50.5298798]
240 [50.35592286]
241 [50.18419224]
242 [50.01475137]
243 [49.84764886]
244 [49.68291733]
245 [49.52057309]
246 [49.3606168]
247 [49.20303461]
248 [49.04779992]
249 [48.89487526]
250 [48.74421431]
251 [48.59576379]
252 [48.44946532]
253 [48.30525691]
254 [48.16307438]
255 [48.02285241]
256 [47.88452551]
257 [47.7480287]
258 [47.61329806]
259 [47.48027115]
260 [47.3488873]
261 [47.21908782]
262 [47.0908161]
263 [46.96401774]
264 [46.8386405]
265 [46.71463436]
266 [46.59195143]
267 [46.47054596]
268 [46.35037423]
269 [46.23139447]
270 [46.11356685]
271 [45.99685334]
272 [45.88121766]
273 [45.76662521]
274 [45.65304299]
275 [45.54043953]
276 [45.42878481]
277 [45.31805026]
278 [45.2082086]
279 [45.09923388]
280 [44.99110139]
281 [44.88378761]
282 [44.77727017]
283 [44.67152781]
284 [44.56654036]
285 [44.46228867]
286 [44.35875461]
287 [44.25592101]
288 [44.15377163]
289 [44.05229117]
290 [43.95146519]
291 [43.85128008]
292 [43.75172306]
293 [43.65278214]
294 [43.55444606]
295 [43.45670427]
296 [43.35954689]
297 [43.26296469]
298 [43.166949]
299 [43.07149169]
300 [42.97658514]
301 [42.88222215]
302 [42.78839593]
303 [42.69510002]
304 [42.60232822]
305 [42.51007459]
306 [42.41833332]
307 [42.32709875]
308 [42.23636525]
309 [42.14612721]
310 [42.05637898]
311 [41.96711481]
312 [41.8783288]
313 [41.7900149]
314 [41.7021668]
315 [41.61477798]
316 [41.52784161]
317 [41.44135056]
318 [41.35529739]
319 [41.2696743]
320 [41.18447316]
321 [41.09968548]
322 [41.01530241]
323 [40.93131477]
324 [40.84771304]
325 [40.7644874]
326 [40.68162771]
327 [40.59912357]
328 [40.51696436]
329 [40.43513922]
330 [40.35363715]
331 [40.27244702]
332 [40.1915576]
333 [40.11095761]
334 [40.03063581]
335 [39.95058095]
336 [39.8707819]
337 [39.79122765]
338 [39.71190731]
339 [39.63281019]
340 [39.55392579]
341 [39.47524381]
342 [39.39675414]
343 [39.31844683]
344 [39.24031208]
345 [39.1623402]
346 [39.0845215]
347 [39.00684624]
348 [38.92930454]
349 [38.85188625]
350 [38.77458086]
351 [38.69737733]
352 [38.62026403]
353 [38.54322855]
354 [38.46625765]
355 [38.38933715]
356 [38.3124519]
357 [38.23558578]
358 [38.15872176]
359 [38.08184202]
360 [38.0049282]
361 [37.92796165]
362 [37.85092384]
363 [37.77379682]
364 [37.69656368]
365 [37.61920914]
366 [37.54172]
367 [37.46408558]
368 [37.38629807]
369 [37.30835258]
370 [37.23024711]
371 [37.15198217]
372 [37.07356025]
373 [36.99498505]
374 [36.91626058]
375 [36.83739025]
376 [36.75837596]
377 [36.67921728]
378 [36.59991089]
379 [36.52045016]
380 [36.44082493]
381 [36.36102161]
382 [36.28102336]
383 [36.20081041]
384 [36.12036063]
385 [36.03964996]
386 [35.95865312]
387 [35.87734423]
388 [35.79569756]
389 [35.71368829]
390 [35.63129345]
391 [35.54849287]
392 [35.46527038]
393 [35.3816151]
394 [35.29752297]
395 [35.21299839]
396 [35.12805605]
397 [35.04272281]
398 [34.95703945]
399 [34.87106219]
400 [34.78486374]
401 [34.69853345]
402 [34.61217646]
403 [34.5259115]
404 [34.43986735]
405 [34.35417801]
406 [34.26897691]
407 [34.18439073]
408 [34.10053354]
409 [34.01750182]
410 [33.93537092]
411 [33.8541933]
412 [33.7739985]
413 [33.69479455]
414 [33.61657058]
415 [33.5393]
416 [33.46294393]
417 [33.38745457]
418 [33.31277813]
419 [33.23885742]
420 [33.16563385]
421 [33.09304899]
422 [33.02104572]
423 [32.94956903]
424 [32.8785665]
425 [32.80798858]
426 [32.73778874]
427 [32.66792348]
428 [32.59835221]
429 [32.52903719]
430 [32.45994331]
431 [32.39103799]
432 [32.3222909]
433 [32.25367388]
434 [32.18516071]
435 [32.11672696]
436 [32.04834986]
437 [31.98000815]
438 [31.91168199]
439 [31.84335282]
440 [31.77500331]
441 [31.70661729]
442 [31.6381797]
443 [31.56967651]
444 [31.50109476]
445 [31.43242254]
446 [31.36364893]
447 [31.29476411]
448 [31.22575932]
449 [31.15662692]
450 [31.08736042]
451 [31.01795456]
452 [30.9484053]
453 [30.87870994]
454 [30.8088671]
455 [30.73887681]
456 [30.66874053]
457 [30.59846114]
458 [30.52804298]
459 [30.45749184]
460 [30.38681492]
461 [30.31602074]
462 [30.24511916]
463 [30.17412122]
464 [30.10303902]
465 [30.03188568]
466 [29.96067512]
467 [29.88942194]
468 [29.8181413]
469 [29.74684871]
470 [29.67555994]
471 [29.60429083]
472 [29.5330572]
473 [29.46187468]
474 [29.39075868]
475 [29.31972421]
476 [29.24878589]
477 [29.17795787]
478 [29.10725374]
479 [29.03668659]
480 [28.96626893]
481 [28.8960127]
482 [28.82592929]
483 [28.75602952]
484 [28.68632369]
485 [28.61682157]
486 [28.54753243]
487 [28.47846506]
488 [28.40962778]
489 [28.34102848]
490 [28.27267461]
491 [28.20457324]
492 [28.13673103]
493 [28.06915428]
494 [28.00184894]
495 [27.9348206]
496 [27.86807454]
497 [27.80161571]
498 [27.73544874]
499 [27.66957798]
500 [27.60400748]
501 [27.53874101]
502 [27.47378207]
503 [27.40913388]
504 [27.34479942]
505 [27.28078139]
506 [27.21708226]
507 [27.15370425]
508 [27.09064934]
509 [27.02791929]
510 [26.96551562]
511 [26.90343962]
512 [26.84169239]
513 [26.78027479]
514 [26.71918749]
515 [26.65843096]
516 [26.59800544]
517 [26.53791102]
518 [26.47814757]
519 [26.4187148]
520 [26.35961224]
521 [26.30083923]
522 [26.24239497]
523 [26.18427847]
524 [26.12648862]
525 [26.06902412]
526 [26.01188356]
527 [25.95506537]
528 [25.89856785]
529 [25.84238919]
530 [25.78652743]
531 [25.73098052]
532 [25.67574628]
533 [25.62082243]
534 [25.56620658]
535 [25.51189627]
536 [25.45788891]
537 [25.40418188]
538 [25.35077241]
539 [25.29765772]
540 [25.24483491]
541 [25.19230105]
542 [25.14005312]
543 [25.08808805]
544 [25.03640273]
545 [24.984994]
546 [24.93385863]
547 [24.88299337]
548 [24.83239494]
549 [24.78206003]
550 [24.73198526]
551 [24.68216729]
552 [24.63260272]
553 [24.58328813]
554 [24.53422011]
555 [24.48539525]
556 [24.4368101]
557 [24.38846124]
558 [24.34034526]
559 [24.29245873]
560 [24.24479828]
561 [24.1973605]
562 [24.15014207]
563 [24.10313964]
564 [24.05634992]
565 [24.00976966]
566 [23.96339565]
567 [23.91722472]
568 [23.87125375]
569 [23.82547968]
570 [23.77989952]
571 [23.73451033]
572 [23.68930925]
573 [23.6442935]
574 [23.59946035]
575 [23.55480718]
576 [23.51033145]
577 [23.4660307]
578 [23.42190258]
579 [23.37794482]
580 [23.33415526]
581 [23.29053183]
582 [23.24707257]
583 [23.20377562]
584 [23.16063924]
585 [23.11766178]
586 [23.0748417]
587 [23.03217758]
588 [22.9896681]
589 [22.94731204]
590 [22.90510829]
591 [22.86305584]
592 [22.82115381]
593 [22.77940137]
594 [22.73779783]
595 [22.69634259]
596 [22.65503511]
597 [22.61387499]
598 [22.57286187]
599 [22.53199551]
600 [22.49127571]
601 [22.45070239]
602 [22.41027551]
603 [22.3699951]
604 [22.32986127]
605 [22.28987418]
606 [22.25003405]
607 [22.21034113]
608 [22.17079575]
609 [22.13139827]
610 [22.09214908]
611 [22.05304861]
612 [22.01409732]
613 [21.97529569]
614 [21.93664424]
615 [21.89814349]
616 [21.85979395]
617 [21.82159619]
618 [21.78355072]
619 [21.74565809]
620 [21.70791882]
621 [21.67033342]
622 [21.63290238]
623 [21.59562616]
624 [21.55850519]
625 [21.52153986]
626 [21.48473054]
627 [21.44807752]
628 [21.41158105]
629 [21.37524133]
630 [21.33905848]
631 [21.30303256]
632 [21.26716357]
633 [21.2314514]
634 [21.1958959]
635 [21.16049679]
636 [21.12525372]
637 [21.09016627]
638 [21.05523389]
639 [21.02045595]
640 [20.98583172]
641 [20.95136036]
642 [20.91704092]
643 [20.88287238]
644 [20.84885357]
645 [20.81498326]
646 [20.78126007]
647 [20.74768256]
648 [20.71424916]
649 [20.68095819]
650 [20.6478079]
651 [20.61479641]
652 [20.58192177]
653 [20.5491819]
654 [20.51657465]
655 [20.48409778]
656 [20.45174895]
657 [20.41952575]
658 [20.38742565]
659 [20.35544608]
660 [20.32358437]
661 [20.29183778]
662 [20.2602035]
663 [20.22867863]
664 [20.19726022]
665 [20.16594526]
666 [20.13473067]
667 [20.10361331]
668 [20.07258998]
669 [20.04165743]
670 [20.01081237]
671 [19.98005143]
672 [19.94937124]
673 [19.91876835]
674 [19.88823928]
675 [19.85778053]
676 [19.82738852]
677 [19.7970597]
678 [19.76679043]
679 [19.73657709]
680 [19.706416]
681 [19.67630349]
682 [19.64623584]
683 [19.61620933]
684 [19.58622024]
685 [19.55626482]
686 [19.52633932]
687 [19.49643998]
688 [19.46656304]
689 [19.43670475]
690 [19.40686137]
691 [19.37702914]
692 [19.34720436]
693 [19.31738329]
694 [19.28756226]
695 [19.25773759]
696 [19.22790564]
697 [19.19806281]
698 [19.16820551]
699 [19.13833022]
700 [19.10843345]
701 [19.07851175]
702 [19.04856174]
703 [19.01858008]
704 [18.98856352]
705 [18.95850886]
706 [18.92841296]
707 [18.89827279]
708 [18.86808539]
709 [18.83784787]
710 [18.80755746]
711 [18.77721148]
712 [18.74680736]
713 [18.71634264]
714 [18.68581496]
715 [18.65522211]
716 [18.62456198]
717 [18.59383261]
718 [18.56303218]
719 [18.53215901]
720 [18.50121155]
721 [18.47018843]
722 [18.43908843]
723 [18.40791048]
724 [18.3766537]
725 [18.34531736]
726 [18.31390091]
727 [18.28240398]
728 [18.25082638]
729 [18.21916812]
730 [18.18742935]
731 [18.15561046]
732 [18.12371198]
733 [18.09173467]
734 [18.05967945]
735 [18.02754744]
736 [17.99533994]
737 [17.96305843]
738 [17.93070458]
739 [17.89828025]
740 [17.86578745]
741 [17.83322837]
742 [17.80060538]
743 [17.76792098]
744 [17.73517786]
745 [17.70237884]
746 [17.66952687]
747 [17.63662505]
748 [17.6036766]
749 [17.57068485]
750 [17.53765324]
751 [17.50458531]
752 [17.4714847]
753 [17.4383551]
754 [17.40520029]
755 [17.37202412]
756 [17.33883045]
757 [17.30562321]
758 [17.27240636]
759 [17.23918386]
760 [17.20595969]
761 [17.17273783]
762 [17.13952224]
763 [17.10631688]
764 [17.07312566]
765 [17.03995247]
766 [17.00680114]
767 [16.97367546]
768 [16.94057917]
769 [16.90751591]
770 [16.87448929]
771 [16.84150281]
772 [16.80855989]
773 [16.77566388]
774 [16.74281802]
775 [16.71002547]
776 [16.67728927]
777 [16.64461237]
778 [16.61199762]
779 [16.57944775]
780 [16.54696538]
781 [16.51455304]
782 [16.48221313]
783 [16.44994796]
784 [16.4177597]
785 [16.38565043]
786 [16.35362213]
787 [16.32167664]
788 [16.28981573]
789 [16.25804103]
790 [16.22635409]
791 [16.19475635]
792 [16.16324915]
793 [16.13183372]
794 [16.10051122]
795 [16.06928269]
796 [16.03814909]
797 [16.00711131]
798 [15.97617012]
799 [15.94532622]
800 [15.91458025]
801 [15.88393276]
802 [15.8533842]
803 [15.82293499]
804 [15.79258545]
805 [15.76233585]
806 [15.7321864]
807 [15.70213722]
808 [15.67218841]
809 [15.64233999]
810 [15.61259193]
811 [15.58294416]
812 [15.55339655]
813 [15.52394893]
814 [15.49460108]
815 [15.46535275]
816 [15.43620363]
817 [15.4071534]
818 [15.37820169]
819 [15.34934808]
820 [15.32059216]
821 [15.29193346]
822 [15.26337147]
823 [15.2349057]
824 [15.20653559]
825 [15.17826058]
826 [15.15008008]
827 [15.12199349]
828 [15.09400019]
829 [15.06609952]
830 [15.03829083]
831 [15.01057345]
832 [14.98294669]
833 [14.95540985]
834 [14.92796222]
835 [14.90060308]
836 [14.8733317]
837 [14.84614733]
838 [14.81904924]
839 [14.79203666]
840 [14.76510885]
841 [14.73826502]
842 [14.71150443]
843 [14.68482629]
844 [14.65822983]
845 [14.63171427]
846 [14.60527884]
847 [14.57892276]
848 [14.55264524]
849 [14.52644551]
850 [14.5003228]
851 [14.47427632]
852 [14.4483053]
853 [14.42240896]
854 [14.39658655]
855 [14.3708373]
856 [14.34516044]
857 [14.31955521]
858 [14.29402087]
859 [14.26855667]
860 [14.24316186]
861 [14.21783571]
862 [14.19257749]
863 [14.16738648]
864 [14.14226195]
865 [14.1172032]
866 [14.09220953]
867 [14.06728024]
868 [14.04241463]
869 [14.01761205]
870 [13.9928718]
871 [13.96819323]
872 [13.94357569]
873 [13.91901853]
874 [13.8945211]
875 [13.87008279]
876 [13.84570298]
877 [13.82138105]
878 [13.79711641]
879 [13.77290846]
880 [13.74875663]
881 [13.72466034]
882 [13.70061903]
883 [13.67663215]
884 [13.65269915]
885 [13.6288195]
886 [13.60499269]
887 [13.58121819]
888 [13.5574955]
889 [13.53382413]
890 [13.51020359]
891 [13.48663342]
892 [13.46311313]
893 [13.43964228]
894 [13.41622042]
895 [13.39284711]
896 [13.36952192]
897 [13.34624444]
898 [13.32301424]
899 [13.29983094]
900 [13.27669414]
901 [13.25360345]
902 [13.23055849]
903 [13.2075589]
904 [13.18460432]
905 [13.16169439]
906 [13.13882878]
907 [13.11600713]
908 [13.09322913]
909 [13.07049444]
910 [13.04780276]
911 [13.02515377]
912 [13.00254717]
913 [12.97998267]
914 [12.95745997]
915 [12.93497879]
916 [12.91253884]
917 [12.89013987]
918 [12.86778159]
919 [12.84546374]
920 [12.82318608]
921 [12.80094833]
922 [12.77875026]
923 [12.75659161]
924 [12.73447215]
925 [12.71239164]
926 [12.69034983]
927 [12.66834652]
928 [12.64638145]
929 [12.62445441]
930 [12.60256518]
931 [12.58071354]
932 [12.55889926]
933 [12.53712214]
934 [12.51538195]
935 [12.49367849]
936 [12.47201154]
937 [12.4503809]
938 [12.42878635]
939 [12.40722769]
940 [12.38570471]
941 [12.36421721]
942 [12.34276497]
943 [12.32134779]
944 [12.29996546]
945 [12.27861779]
946 [12.25730455]
947 [12.23602555]
948 [12.21478057]
949 [12.19356942]
950 [12.17239187]
951 [12.15124772]
952 [12.13013675]
953 [12.10905876]
954 [12.08801353]
955 [12.06700085]
956 [12.04602049]
957 [12.02507223]
958 [12.00415587]
959 [11.98327116]
960 [11.9624179]
961 [11.94159585]
962 [11.92080477]
963 [11.90004445]
964 [11.87931465]
965 [11.85861512]
966 [11.83794563]
967 [11.81730594]
968 [11.7966958]
969 [11.77611496]
970 [11.75556317]
971 [11.73504017]
972 [11.71454572]
973 [11.69407954]
974 [11.67364137]
975 [11.65323094]
976 [11.63284799]
977 [11.61249222]
978 [11.59216337]
979 [11.57186115]
980 [11.55158526]
981 [11.53133541]
982 [11.51111132]
983 [11.49091266]
984 [11.47073914]
985 [11.45059044]
986 [11.43046624]
987 [11.41036622]
988 [11.39029005]
989 [11.37023738]
990 [11.35020789]
991 [11.33020122]
992 [11.31021701]
993 [11.29025491]
994 [11.27031454]
995 [11.25039552]
996 [11.23049748]
997 [11.21062002]
998 [11.19076274]
999 [11.17092523]
1000 [11.15110707]
1001 [11.13130783]
1002 [11.11152708]
1003 [11.09176438]
1004 [11.07201926]
1005 [11.05229125]
1006 [11.03257989]
1007 [11.01288467]
1008 [10.9932051]
1009 [10.97354067]
1010 [10.95389084]
1011 [10.93425509]
1012 [10.91463285]
1013 [10.89502356]
1014 [10.87542665]
1015 [10.85584151]
1016 [10.83626755]
1017 [10.81670413]
1018 [10.79715062]
1019 [10.77760635]
1020 [10.75807067]
1021 [10.73854288]
1022 [10.71902226]
1023 [10.69950811]
1024 [10.67999967]
1025 [10.66049619]
1026 [10.64099688]
1027 [10.62150095]
1028 [10.60200758]
1029 [10.58251592]
1030 [10.56302513]
1031 [10.54353431]
1032 [10.52404258]
1033 [10.504549]
1034 [10.48505263]
1035 [10.46555251]
1036 [10.44604765]
1037 [10.42653703]
1038 [10.40701963]
1039 [10.38749439]
1040 [10.36796022]
1041 [10.34841603]
1042 [10.32886068]
1043 [10.30929303]
1044 [10.2897119]
1045 [10.27011609]
1046 [10.25050438]
1047 [10.23087552]
1048 [10.21122824]
1049 [10.19156126]
1050 [10.17187323]
1051 [10.15216284]
1052 [10.13242871]
1053 [10.11266945]
1054 [10.09288365]
1055 [10.07306988]
1056 [10.05322668]
1057 [10.03335257]
1058 [10.01344607]
1059 [9.99350564]
1060 [9.97352976]
1061 [9.95351688]
1062 [9.93346541]
1063 [9.91337379]
1064 [9.8932404]
1065 [9.87306364]
1066 [9.8528419]
1067 [9.83257354]
1068 [9.81225693]
1069 [9.79189044]
1070 [9.77147245]
1071 [9.75100132]
1072 [9.73047544]
1073 [9.70989322]
1074 [9.68925305]
1075 [9.6685534]
1076 [9.64779273]
1077 [9.62696955]
1078 [9.60608243]
1079 [9.58512997]
1080 [9.56411087]
1081 [9.54302386]
1082 [9.5218678]
1083 [9.50064163]
1084 [9.47934439]
1085 [9.45797529]
1086 [9.43653365]
1087 [9.41501899]
1088 [9.39343098]
1089 [9.37176953]
1090 [9.35003477]
1091 [9.32822711]
1092 [9.30634723]
1093 [9.28439614]
1094 [9.26237522]
1095 [9.24028622]
1096 [9.21813134]
1097 [9.19591323]
1098 [9.17363508]
1099 [9.15130062]
1100 [9.12891421]
1101 [9.10648084]
1102 [9.08400624]
1103 [9.06149685]
1104 [9.03895997]
1105 [9.01640372]
1106 [8.99383713]
1107 [8.97127018]
1108 [8.94871384]
1109 [8.92618008]
1110 [8.9036819]
1111 [8.88123338]
1112 [8.8588496]
1113 [8.83654668]
1114 [8.81434173]
1115 [8.79225277]
1116 [8.77029867]
1117 [8.748499]
1118 [8.72687394]
1119 [8.70544407]
1120 [8.6842302]
1121 [8.66325309]
1122 [8.64253326]
1123 [8.62209065]
1124 [8.60194435]
1125 [8.58211228]
1126 [8.56261084]
1127 [8.54345466]
1128 [8.52465624]
1129 [8.50622568]
1130 [8.4881705]
1131 [8.47049539]
1132 [8.45320213]
1133 [8.43628948]
1134 [8.41975326]
1135 [8.40358639]
1136 [8.38777904]
1137 [8.37231892]
1138 [8.35719152]
1139 [8.34238047]
1140 [8.32786794]
1141 [8.31363501]
1142 [8.29966212]
1143 [8.28592946]
1144 [8.27241737]
1145 [8.25910666]
1146 [8.24597898]
1147 [8.23301701]
1148 [8.22020472]
1149 [8.2075275]
1150 [8.19497223]
1151 [8.18252738]
1152 [8.17018292]
1153 [8.15793036]
1154 [8.14576259]
1155 [8.13367383]
1156 [8.12165949]
1157 [8.109716]
1158 [8.09784072]
1159 [8.08603177]
1160 [8.07428789]
1161 [8.06260834]
1162 [8.05099274]
1163 [8.03944101]
1164 [8.02795325]
1165 [8.01652968]
1166 [8.00517059]
1167 [7.99387623]
1168 [7.98264685]
1169 [7.97148261]
1170 [7.96038358]
1171 [7.94934972]
1172 [7.93838088]
1173 [7.92747681]
1174 [7.91663711]
1175 [7.9058613]
1176 [7.89514877]
1177 [7.88449881]
1178 [7.87391064]
1179 [7.86338338]
1180 [7.85291608]
1181 [7.84250772]
1182 [7.83215723]
1183 [7.8218635]
1184 [7.81162539]
1185 [7.80144169]
1186 [7.79131122]
1187 [7.78123275]
1188 [7.77120505]
1189 [7.76122689]
1190 [7.75129704]
1191 [7.74141428]
1192 [7.7315774]
1193 [7.72178519]
1194 [7.7120365]
1195 [7.70233015]
1196 [7.69266503]
1197 [7.68304004]
1198 [7.67345409]
1199 [7.66390616]
1200 [7.65439523]
1201 [7.64492032]
1202 [7.63548051]
1203 [7.62607488]
1204 [7.61670257]
1205 [7.60736274]
1206 [7.59805459]
1207 [7.58877737]
1208 [7.57953034]
1209 [7.57031282]
1210 [7.56112414]
1211 [7.55196368]
1212 [7.54283085]
1213 [7.53372509]
1214 [7.52464586]
1215 [7.51559266]
1216 [7.50656502]
1217 [7.4975625]
1218 [7.48858468]
1219 [7.47963116]
1220 [7.47070156]
1221 [7.46179555]
1222 [7.4529128]
1223 [7.444053]
1224 [7.43521586]
1225 [7.42640112]
1226 [7.41760851]
1227 [7.40883782]
1228 [7.40008881]
1229 [7.39136128]
1230 [7.38265504]
1231 [7.3739699]
1232 [7.36530569]
1233 [7.35666226]
1234 [7.34803945]
1235 [7.33943712]
1236 [7.33085513]
1237 [7.32229337]
1238 [7.3137517]
1239 [7.30523003]
1240 [7.29672823]
1241 [7.2882462]
1242 [7.27978386]
1243 [7.2713411]
1244 [7.26291783]
1245 [7.25451396]
1246 [7.24612941]
1247 [7.2377641]
1248 [7.22941794]
1249 [7.22109086]
1250 [7.21278278]
1251 [7.20449362]
1252 [7.1962233]
1253 [7.18797176]
1254 [7.17973892]
1255 [7.1715247]
1256 [7.16332904]
1257 [7.15515185]
1258 [7.14699307]
1259 [7.13885262]
1260 [7.13073043]
1261 [7.12262642]
1262 [7.11454051]
1263 [7.10647264]
1264 [7.09842273]
1265 [7.0903907]
1266 [7.08237647]
1267 [7.07437996]
1268 [7.0664011]
1269 [7.0584398]
1270 [7.05049599]
1271 [7.04256958]
1272 [7.03466049]
1273 [7.02676864]
1274 [7.01889395]
1275 [7.01103632]
1276 [7.00319567]
1277 [6.99537192]
1278 [6.98756498]
1279 [6.97977476]
1280 [6.97200117]
1281 [6.96424412]
1282 [6.95650352]
1283 [6.94877928]
1284 [6.9410713]
1285 [6.9333795]
1286 [6.92570378]
1287 [6.91804404]
1288 [6.9104002]
1289 [6.90277214]
1290 [6.89515979]
1291 [6.88756304]
1292 [6.87998179]
1293 [6.87241596]
1294 [6.86486543]
1295 [6.85733011]
1296 [6.8498099]
1297 [6.8423047]
1298 [6.83481442]
1299 [6.82733895]
1300 [6.81987819]
1301 [6.81243204]
1302 [6.8050004]
1303 [6.79758317]
1304 [6.79018025]
1305 [6.78279154]
1306 [6.77541693]
1307 [6.76805632]
1308 [6.76070961]
1309 [6.7533767]
1310 [6.74605749]
1311 [6.73875187]
1312 [6.73145975]
1313 [6.72418101]
1314 [6.71691556]
1315 [6.7096633]
1316 [6.70242412]
1317 [6.69519793]
1318 [6.68798461]
1319 [6.68078407]
1320 [6.6735962]
1321 [6.66642091]
1322 [6.6592581]
1323 [6.65210765]
1324 [6.64496948]
1325 [6.63784348]
1326 [6.63072954]
1327 [6.62362758]
1328 [6.61653748]
1329 [6.60945916]
1330 [6.6023925]
1331 [6.59533741]
1332 [6.5882938]
1333 [6.58126155]
1334 [6.57424058]
1335 [6.56723078]
1336 [6.56023207]
1337 [6.55324433]
1338 [6.54626747]
1339 [6.53930141]
1340 [6.53234603]
1341 [6.52540124]
1342 [6.51846695]
1343 [6.51154307]
1344 [6.50462949]
1345 [6.49772613]
1346 [6.49083289]
1347 [6.48394967]
1348 [6.47707638]
1349 [6.47021293]
1350 [6.46335923]
1351 [6.45651518]
1352 [6.4496807]
1353 [6.44285569]
1354 [6.43604006]
1355 [6.42923372]
1356 [6.42243658]
1357 [6.41564855]
1358 [6.40886955]
1359 [6.40209947]
1360 [6.39533825]
1361 [6.38858578]
1362 [6.38184198]
1363 [6.37510677]
1364 [6.36838005]
1365 [6.36166175]
1366 [6.35495177]
1367 [6.34825004]
1368 [6.34155646]
1369 [6.33487096]
1370 [6.32819344]
1371 [6.32152383]
1372 [6.31486205]
1373 [6.308208]
1374 [6.30156162]
1375 [6.29492282]
1376 [6.28829151]
1377 [6.28166762]
1378 [6.27505107]
1379 [6.26844177]
1380 [6.26183965]
1381 [6.25524464]
1382 [6.24865664]
1383 [6.24207559]
1384 [6.23550141]
1385 [6.22893402]
1386 [6.22237334]
1387 [6.2158193]
1388 [6.20927182]
1389 [6.20273082]
1390 [6.19619624]
1391 [6.189668]
1392 [6.18314602]
1393 [6.17663023]
1394 [6.17012056]
1395 [6.16361693]
1396 [6.15711928]
1397 [6.15062753]
1398 [6.1441416]
1399 [6.13766144]
1400 [6.13118696]
1401 [6.1247181]
1402 [6.11825479]
1403 [6.11179696]
1404 [6.10534453]
1405 [6.09889745]
1406 [6.09245564]
1407 [6.08601904]
1408 [6.07958757]
1409 [6.07316117]
1410 [6.06673978]
1411 [6.06032333]
1412 [6.05391174]
1413 [6.04750497]
1414 [6.04110293]
1415 [6.03470557]
1416 [6.02831283]
1417 [6.02192463]
1418 [6.01554091]
1419 [6.00916162]
1420 [6.00278669]
1421 [5.99641605]
1422 [5.99004965]
1423 [5.98368742]
1424 [5.9773293]
1425 [5.97097524]
1426 [5.96462516]
1427 [5.95827902]
1428 [5.95193674]
1429 [5.94559828]
1430 [5.93926357]
1431 [5.93293255]
1432 [5.92660517]
1433 [5.92028137]
1434 [5.91396109]
1435 [5.90764428]
1436 [5.90133087]
1437 [5.89502082]
1438 [5.88871406]
1439 [5.88241054]
1440 [5.87611022]
1441 [5.86981302]
1442 [5.86351891]
1443 [5.85722783]
1444 [5.85093971]
1445 [5.84465452]
1446 [5.83837221]
1447 [5.83209271]
1448 [5.82581598]
1449 [5.81954196]
1450 [5.81327062]
1451 [5.8070019]
1452 [5.80073575]
1453 [5.79447213]
1454 [5.78821098]
1455 [5.78195226]
1456 [5.77569593]
1457 [5.76944194]
1458 [5.76319024]
1459 [5.7569408]
1460 [5.75069356]
1461 [5.74444849]
1462 [5.73820554]
1463 [5.73196468]
1464 [5.72572586]
1465 [5.71948905]
1466 [5.7132542]
1467 [5.70702127]
1468 [5.70079024]
1469 [5.69456107]
1470 [5.68833371]
1471 [5.68210814]
1472 [5.67588433]
1473 [5.66966224]
1474 [5.66344184]
1475 [5.6572231]
1476 [5.651006]
1477 [5.6447905]
1478 [5.63857658]
1479 [5.63236422]
1480 [5.62615339]
1481 [5.61994406]
1482 [5.61373623]
1483 [5.60752987]
1484 [5.60132495]
1485 [5.59512147]
1486 [5.58891941]
1487 [5.58271876]
1488 [5.5765195]
1489 [5.57032163]
1490 [5.56412513]
1491 [5.55793]
1492 [5.55173623]
1493 [5.54554383]
1494 [5.53935279]
1495 [5.53316311]
1496 [5.5269748]
1497 [5.52078786]
1498 [5.5146023]
1499 [5.50841813]
