0 [1421.96820713]
1 [1395.94469873]
2 [1371.63015524]
3 [1346.93991261]
4 [1321.68364505]
5 [1296.11521296]
6 [1270.21635489]
7 [1243.63349842]
8 [1215.8461056]
9 [1186.453126]
10 [1155.94039762]
11 [1124.99678219]
12 [1093.95932392]
13 [1063.06814846]
14 [1032.63632403]
15 [1003.0248394]
16 [974.56937345]
17 [947.54813266]
18 [922.1928401]
19 [898.63644609]
20 [876.91030877]
21 [856.96045756]
22 [838.66306654]
23 [821.85409389]
24 [806.35067239]
25 [791.96291174]
26 [778.50211195]
27 [765.7883509]
28 [753.65804519]
29 [741.97011658]
30 [730.60865643]
31 [719.48194108]
32 [708.51996963]
33 [697.67120091]
34 [686.8965762]
35 [676.16144673]
36 [665.43024128]
37 [654.66856341]
38 [643.85304078]
39 [632.98193984]
40 [622.07434735]
41 [611.15406112]
42 [600.23308149]
43 [589.30861468]
44 [578.36839271]
45 [567.39567501]
46 [556.37348687]
47 [545.28984787]
48 [534.14380924]
49 [522.95068448]
50 [511.74377069]
51 [500.56996975]
52 [489.48017295]
53 [478.51954518]
54 [467.72230137]
55 [457.11128002]
56 [446.70011513]
57 [436.49618951]
58 [426.50389486]
59 [416.72846819]
60 [407.18001737]
61 [397.87561237]
62 [388.8360681]
63 [380.07634244]
64 [371.59568924]
65 [363.37723494]
66 [355.39705394]
67 [347.63299822]
68 [340.06775553]
69 [332.68819274]
70 [325.48404642]
71 [318.44705986]
72 [311.57054775]
73 [304.84917928]
74 [298.27884502]
75 [291.85655126]
76 [285.58033252]
77 [279.44917709]
78 [273.46289911]
79 [267.62180872]
80 [261.92609627]
81 [256.37512988]
82 [250.9670578]
83 [245.69888969]
84 [240.56687522]
85 [235.56691439]
86 [230.69487813]
87 [225.94685469]
88 [221.31938407]
89 [216.80972753]
90 [212.41617163]
91 [208.13829333]
92 [203.97701947]
93 [199.9342531]
94 [196.01192863]
95 [192.21069482]
96 [188.52884798]
97 [184.9621785]
98 [181.50480978]
99 [178.15042358]
100 [174.8931802]
101 [171.72808806]
102 [168.65097626]
103 [165.65831188]
104 [162.74701198]
105 [159.91430193]
106 [157.15762154]
107 [154.47456606]
108 [151.86284984]
109 [149.32028372]
110 [146.84476093]
111 [144.43424808]
112 [142.08677942]
113 [139.80045307]
114 [137.57342854]
115 [135.40392509]
116 [133.29022064]
117 [131.23065097]
118 [129.22360914]
119 [127.2675449]
120 [125.36096401]
121 [123.50242727]
122 [121.69054921]
123 [119.92399628]
124 [118.20148458]
125 [116.521777]
126 [114.88368007]
127 [113.28604047]
128 [111.72774158]
129 [110.20770024]
130 [108.724864]
131 [107.27820903]
132 [105.86673893]
133 [104.48948435]
134 [103.14550343]
135 [101.83388281]
136 [100.55373899]
137 [99.30421964]
138 [98.08450461]
139 [96.8938063]
140 [95.73136937]
141 [94.59646946]
142 [93.48841137]
143 [92.40652653]
144 [91.35017021]
145 [90.31871872]
146 [89.31156672]
147 [88.32812495]
148 [87.36781839]
149 [86.43008494]
150 [85.51437453]
151 [84.62014858]
152 [83.74687984]
153 [82.89405225]
154 [82.06116103]
155 [81.24771275]
156 [80.45322534]
157 [79.6772281]
158 [78.91926163]
159 [78.17887772]
160 [77.45563911]
161 [76.74911927]
162 [76.05890213]
163 [75.38458173]
164 [74.72576188]
165 [74.08205582]
166 [73.45308585]
167 [72.83848291]
168 [72.23788628]
169 [71.65094315]
170 [71.07730827]
171 [70.51664358]
172 [69.96861789]
173 [69.43290648]
174 [68.90919079]
175 [68.3971581]
176 [67.8965012]
177 [67.40691807]
178 [66.92811161]
179 [66.45978937]
180 [66.00166326]
181 [65.55344931]
182 [65.11486747]
183 [64.68564142]
184 [64.26549835]
185 [63.8541689]
186 [63.451387]
187 [63.05688988]
188 [62.670418]
189 [62.29171516]
190 [61.92052857]
191 [61.55660907]
192 [61.19971129]
193 [60.84959403]
194 [60.50602053]
195 [60.16875894]
196 [59.83758272]
197 [59.5122711]
198 [59.19260954]
199 [58.87839016]
200 [58.5694121]
201 [58.26548188]
202 [57.96641362]
203 [57.67202916]
204 [57.38215816]
205 [57.09663812]
206 [56.81531425]
207 [56.53803948]
208 [56.26467435]
209 [55.995087]
210 [55.7291532]
211 [55.46675647]
212 [55.20778818]
213 [54.95214781]
214 [54.69974312]
215 [54.45049033]
216 [54.20431417]
217 [53.96114792]
218 [53.72093314]
219 [53.48361938]
220 [53.24916354]
221 [53.0175292]
222 [52.78868572]
223 [52.56260721]
224 [52.33927149]
225 [52.11865901]
226 [51.90075183]
227 [51.68553268]
228 [51.47298411]
229 [51.26308784]
230 [51.05582424]
231 [50.85117192]
232 [50.64910747]
233 [50.44960536]
234 [50.25263786]
235 [50.05817507]
236 [49.866185]
237 [49.67663369]
238 [49.48948538]
239 [49.30470262]
240 [49.12224649]
241 [48.94207677]
242 [48.76415208]
243 [48.58843012]
244 [48.41486777]
245 [48.24342128]
246 [48.07404643]
247 [47.90669865]
248 [47.74133313]
249 [47.57790499]
250 [47.41636934]
251 [47.25668139]
252 [47.09879656]
253 [46.94267056]
254 [46.78825943]
255 [46.63551967]
256 [46.48440828]
257 [46.33488283]
258 [46.18690155]
259 [46.04042333]
260 [45.89540788]
261 [45.7518157]
262 [45.6096082]
263 [45.46874773]
264 [45.32919764]
265 [45.19092234]
266 [45.05388734]
267 [44.91805928]
268 [44.78340599]
269 [44.64989652]
270 [44.51750113]
271 [44.38619133]
272 [44.25593987]
273 [44.12672074]
274 [43.99850915]
275 [43.87128149]
276 [43.74501534]
277 [43.61968936]
278 [43.49528329]
279 [43.37177787]
280 [43.24915479]
281 [43.12739662]
282 [43.00648674]
283 [42.88640927]
284 [42.767149]
285 [42.64869135]
286 [42.53102227]
287 [42.41412823]
288 [42.29799611]
289 [42.18261319]
290 [42.06796711]
291 [41.95404582]
292 [41.84083756]
293 [41.7283308]
294 [41.6165143]
295 [41.50537699]
296 [41.39490805]
297 [41.28509687]
298 [41.17593301]
299 [41.06740625]
300 [40.95950658]
301 [40.85222418]
302 [40.74554942]
303 [40.63947288]
304 [40.53398535]
305 [40.42907781]
306 [40.32474143]
307 [40.22096759]
308 [40.11774785]
309 [40.01507395]
310 [39.9129378]
311 [39.81133151]
312 [39.71024729]
313 [39.60967755]
314 [39.50961481]
315 [39.41005173]
316 [39.3109811]
317 [39.21239583]
318 [39.11428893]
319 [39.01665356]
320 [38.91948295]
321 [38.82277051]
322 [38.72650972]
323 [38.63069425]
324 [38.53531791]
325 [38.44037465]
326 [38.34585864]
327 [38.25176425]
328 [38.15808608]
329 [38.06481897]
330 [37.97195804]
331 [37.8794987]
332 [37.7874367]
333 [37.69576812]
334 [37.60448939]
335 [37.51359734]
336 [37.4230892]
337 [37.33296259]
338 [37.2432156]
339 [37.15384672]
340 [37.0648549]
341 [36.97623954]
342 [36.88800051]
343 [36.80013813]
344 [36.71265316]
345 [36.62554683]
346 [36.53882082]
347 [36.45247723]
348 [36.36651861]
349 [36.2809479]
350 [36.19576845]
351 [36.11098397]
352 [36.02659853]
353 [35.9426165]
354 [35.85904252]
355 [35.77588147]
356 [35.69313839]
357 [35.61081844]
358 [35.52892681]
359 [35.4474687]
360 [35.36644914]
361 [35.285873]
362 [35.20574485]
363 [35.12606884]
364 [35.04684869]
365 [34.96808748]
366 [34.88978769]
367 [34.81195101]
368 [34.73457837]
369 [34.65766979]
370 [34.58122444]
371 [34.50524056]
372 [34.42971547]
373 [34.3546456]
374 [34.2800265]
375 [34.20585293]
376 [34.13211889]
377 [34.05881769]
378 [33.98594206]
379 [33.91348423]
380 [33.84143597]
381 [33.76978878]
382 [33.69853385]
383 [33.62766226]
384 [33.55716496]
385 [33.48703289]
386 [33.41725702]
387 [33.3478284]
388 [33.27873821]
389 [33.20997779]
390 [33.14153864]
391 [33.07341249]
392 [33.00559126]
393 [32.93806711]
394 [32.87083242]
395 [32.80387981]
396 [32.7372021]
397 [32.67079236]
398 [32.60464384]
399 [32.53875002]
400 [32.47310458]
401 [32.40770135]
402 [32.34253439]
403 [32.27759788]
404 [32.21288621]
405 [32.14839388]
406 [32.08411554]
407 [32.02004601]
408 [31.9561802]
409 [31.89251316]
410 [31.82904006]
411 [31.76575617]
412 [31.70265689]
413 [31.6397377]
414 [31.5769942]
415 [31.51442208]
416 [31.45201713]
417 [31.38977526]
418 [31.32769244]
419 [31.26576476]
420 [31.20398841]
421 [31.14235969]
422 [31.08087499]
423 [31.0195308]
424 [30.95832375]
425 [30.89725057]
426 [30.83630811]
427 [30.77549335]
428 [30.71480341]
429 [30.65423555]
430 [30.59378718]
431 [30.53345585]
432 [30.47323929]
433 [30.41313541]
434 [30.35314229]
435 [30.29325819]
436 [30.23348159]
437 [30.17381116]
438 [30.1142458]
439 [30.05478462]
440 [29.99542696]
441 [29.9361724]
442 [29.87702076]
443 [29.8179721]
444 [29.75902673]
445 [29.70018522]
446 [29.64144837]
447 [29.58281724]
448 [29.52429313]
449 [29.46587759]
450 [29.40757239]
451 [29.34937952]
452 [29.29130119]
453 [29.23333981]
454 [29.17549796]
455 [29.11777839]
456 [29.06018401]
457 [29.00271784]
458 [28.94538302]
459 [28.88818276]
460 [28.83112032]
461 [28.77419901]
462 [28.71742216]
463 [28.66079304]
464 [28.60431493]
465 [28.54799101]
466 [28.49182439]
467 [28.43581806]
468 [28.3799749]
469 [28.32429762]
470 [28.26878878]
471 [28.21345076]
472 [28.15828574]
473 [28.10329572]
474 [28.04848249]
475 [27.9938476]
476 [27.93939243]
477 [27.8851181]
478 [27.83102556]
479 [27.77711553]
480 [27.72338853]
481 [27.66984489]
482 [27.61648475]
483 [27.56330808]
484 [27.51031468]
485 [27.4575042]
486 [27.40487616]
487 [27.35242994]
488 [27.30016483]
489 [27.24807998]
490 [27.19617449]
491 [27.14444737]
492 [27.09289756]
493 [27.04152397]
494 [26.99032545]
495 [26.93930081]
496 [26.88844887]
497 [26.83776839]
498 [26.78725817]
499 [26.73691697]
500 [26.68674357]
501 [26.63673676]
502 [26.58689534]
503 [26.53721812]
504 [26.48770392]
505 [26.4383516]
506 [26.38916002]
507 [26.34012807]
508 [26.29125466]
509 [26.24253871]
510 [26.19397916]
511 [26.14557499]
512 [26.09732516]
513 [26.04922868]
514 [26.00128456]
515 [25.95349181]
516 [25.90584947]
517 [25.85835659]
518 [25.81101221]
519 [25.7638154]
520 [25.71676521]
521 [25.66986072]
522 [25.623101]
523 [25.57648512]
524 [25.53001215]
525 [25.48368119]
526 [25.43749129]
527 [25.39144155]
528 [25.34553103]
529 [25.29975881]
530 [25.25412396]
531 [25.20862556]
532 [25.16326268]
533 [25.11803439]
534 [25.07293975]
535 [25.02797783]
536 [24.98314771]
537 [24.93844844]
538 [24.89387909]
539 [24.84943872]
540 [24.80512641]
541 [24.76094122]
542 [24.7168822]
543 [24.67294844]
544 [24.629139]
545 [24.58545295]
546 [24.54188936]
547 [24.49844731]
548 [24.45512588]
549 [24.41192414]
550 [24.36884118]
551 [24.32587608]
552 [24.28302794]
553 [24.24029586]
554 [24.19767892]
555 [24.15517624]
556 [24.11278692]
557 [24.07051007]
558 [24.02834481]
559 [23.98629027]
560 [23.94434558]
561 [23.90250986]
562 [23.86078225]
563 [23.81916191]
564 [23.77764798]
565 [23.73623962]
566 [23.69493599]
567 [23.65373627]
568 [23.61263963]
569 [23.57164525]
570 [23.53075232]
571 [23.48996004]
572 [23.44926762]
573 [23.40867425]
574 [23.36817916]
575 [23.32778158]
576 [23.28748074]
577 [23.24727587]
578 [23.20716622]
579 [23.16715106]
580 [23.12722963]
581 [23.08740121]
582 [23.04766509]
583 [23.00802054]
584 [22.96846686]
585 [22.92900336]
586 [22.88962935]
587 [22.85034416]
588 [22.81114711]
589 [22.77203754]
590 [22.73301481]
591 [22.69407827]
592 [22.6552273]
593 [22.61646128]
594 [22.5777796]
595 [22.53918166]
596 [22.50066688]
597 [22.46223468]
598 [22.4238845]
599 [22.3856158]
600 [22.34742803]
601 [22.30932067]
602 [22.27129322]
603 [22.23334518]
604 [22.19547607]
605 [22.15768541]
606 [22.11997277]
607 [22.08233771]
608 [22.0447798]
609 [22.00729866]
610 [21.96989388]
611 [21.93256511]
612 [21.89531201]
613 [21.85813423]
614 [21.82103146]
615 [21.78400343]
616 [21.74704985]
617 [21.71017048]
618 [21.67336508]
619 [21.63663345]
620 [21.5999754]
621 [21.56339077]
622 [21.5268794]
623 [21.49044118]
624 [21.454076]
625 [21.4177838]
626 [21.38156451]
627 [21.34541811]
628 [21.30934458]
629 [21.27334393]
630 [21.23741621]
631 [21.20156147]
632 [21.16577979]
633 [21.13007126]
634 [21.09443602]
635 [21.05887421]
636 [21.02338598]
637 [20.98797152]
638 [20.95263103]
639 [20.91736474]
640 [20.88217287]
641 [20.84705569]
642 [20.81201346]
643 [20.77704647]
644 [20.74215501]
645 [20.7073394]
646 [20.67259995]
647 [20.637937]
648 [20.60335089]
649 [20.56884196]
650 [20.53441057]
651 [20.50005708]
652 [20.46578185]
653 [20.43158524]
654 [20.39746762]
655 [20.36342934]
656 [20.32947077]
657 [20.29559226]
658 [20.26179416]
659 [20.22807682]
660 [20.19444056]
661 [20.16088571]
662 [20.12741259]
663 [20.0940215]
664 [20.06071271]
665 [20.02748651]
666 [19.99434314]
667 [19.96128285]
668 [19.92830586]
669 [19.89541237]
670 [19.86260256]
671 [19.82987659]
672 [19.79723462]
673 [19.76467676]
674 [19.73220311]
675 [19.69981375]
676 [19.66750874]
677 [19.63528812]
678 [19.60315191]
679 [19.5711001]
680 [19.53913267]
681 [19.50724958]
682 [19.47545075]
683 [19.44373611]
684 [19.41210555]
685 [19.38055897]
686 [19.34909622]
687 [19.31771715]
688 [19.28642159]
689 [19.25520937]
690 [19.22408029]
691 [19.19303415]
692 [19.16207073]
693 [19.1311898]
694 [19.10039112]
695 [19.06967444]
696 [19.03903952]
697 [19.00848609]
698 [18.97801388]
699 [18.94762262]
700 [18.91731204]
701 [18.88708185]
702 [18.85693176]
703 [18.82686149]
704 [18.79687075]
705 [18.76695926]
706 [18.73712671]
707 [18.70737282]
708 [18.6776973]
709 [18.64809984]
710 [18.61858018]
711 [18.589138]
712 [18.55977302]
713 [18.53048497]
714 [18.50127354]
715 [18.47213845]
716 [18.44307943]
717 [18.41409618]
718 [18.38518844]
719 [18.35635592]
720 [18.32759834]
721 [18.29891543]
722 [18.27030691]
723 [18.24177252]
724 [18.21331197]
725 [18.18492501]
726 [18.15661135]
727 [18.12837073]
728 [18.10020288]
729 [18.07210753]
730 [18.04408441]
731 [18.01613325]
732 [17.98825377]
733 [17.96044571]
734 [17.93270878]
735 [17.90504273]
736 [17.87744726]
737 [17.8499221]
738 [17.82246697]
739 [17.79508158]
740 [17.76776565]
741 [17.74051888]
742 [17.71334098]
743 [17.68623166]
744 [17.6591906]
745 [17.6322175]
746 [17.60531206]
747 [17.57847395]
748 [17.55170286]
749 [17.52499845]
750 [17.49836039]
751 [17.47178834]
752 [17.44528197]
753 [17.4188409]
754 [17.3924648]
755 [17.36615328]
756 [17.33990599]
757 [17.31372253]
758 [17.28760252]
759 [17.26154556]
760 [17.23555125]
761 [17.20961918]
762 [17.18374893]
763 [17.15794006]
764 [17.13219213]
765 [17.10650471]
766 [17.08087734]
767 [17.05530954]
768 [17.02980084]
769 [17.00435077]
770 [16.97895882]
771 [16.9536245]
772 [16.92834729]
773 [16.90312666]
774 [16.8779621]
775 [16.85285305]
776 [16.82779897]
777 [16.8027993]
778 [16.77785347]
779 [16.75296089]
780 [16.728121]
781 [16.70333318]
782 [16.67859684]
783 [16.65391137]
784 [16.62927614]
785 [16.60469054]
786 [16.58015393]
787 [16.55566567]
788 [16.53122512]
789 [16.50683162]
790 [16.48248453]
791 [16.45818319]
792 [16.43392694]
793 [16.40971511]
794 [16.38554704]
795 [16.36142208]
796 [16.33733955]
797 [16.3132988]
798 [16.28929917]
799 [16.26534001]
800 [16.24142067]
801 [16.2175405]
802 [16.19369889]
803 [16.1698952]
804 [16.14612883]
805 [16.12239917]
806 [16.09870564]
807 [16.07504767]
808 [16.05142471]
809 [16.02783623]
810 [16.00428171]
811 [15.98076066]
812 [15.95727262]
813 [15.93381713]
814 [15.91039378]
815 [15.88700218]
816 [15.86364197]
817 [15.84031281]
818 [15.81701441]
819 [15.79374648]
820 [15.7705088]
821 [15.74730116]
822 [15.72412338]
823 [15.70097533]
824 [15.6778569]
825 [15.65476802]
826 [15.63170866]
827 [15.60867881]
828 [15.5856785]
829 [15.56270779]
830 [15.53976678]
831 [15.51685559]
832 [15.49397437]
833 [15.47112329]
834 [15.44830257]
835 [15.42551244]
836 [15.40275314]
837 [15.38002495]
838 [15.35732816]
839 [15.33466309]
840 [15.31203005]
841 [15.28942938]
842 [15.26686145]
843 [15.2443266]
844 [15.22182521]
845 [15.19935766]
846 [15.17692432]
847 [15.15452558]
848 [15.13216184]
849 [15.10983348]
850 [15.08754089]
851 [15.06528448]
852 [15.04306463]
853 [15.02088174]
854 [14.9987362]
855 [14.9766284]
856 [14.95455873]
857 [14.93252759]
858 [14.91053537]
859 [14.88858245]
860 [14.86666923]
861 [14.84479611]
862 [14.82296347]
863 [14.80117171]
864 [14.77942123]
865 [14.75771242]
866 [14.7360457]
867 [14.71442146]
868 [14.69284012]
869 [14.67130209]
870 [14.64980777]
871 [14.62835759]
872 [14.60695197]
873 [14.58559132]
874 [14.56427607]
875 [14.54300664]
876 [14.52178345]
877 [14.50060693]
878 [14.47947748]
879 [14.45839553]
880 [14.43736149]
881 [14.41637575]
882 [14.39543873]
883 [14.37455081]
884 [14.35371236]
885 [14.33292377]
886 [14.31218538]
887 [14.29149755]
888 [14.2708606]
889 [14.25027485]
890 [14.2297406]
891 [14.20925812]
892 [14.18882768]
893 [14.16844953]
894 [14.14812389]
895 [14.12785096]
896 [14.10763092]
897 [14.08746393]
898 [14.06735014]
899 [14.04728965]
900 [14.02728258]
901 [14.00732898]
902 [13.98742891]
903 [13.96758239]
904 [13.94778945]
905 [13.92805007]
906 [13.90836421]
907 [13.88873182]
908 [13.86915283]
909 [13.84962715]
910 [13.83015468]
911 [13.81073529]
912 [13.79136884]
913 [13.77205518]
914 [13.75279413]
915 [13.73358551]
916 [13.71442914]
917 [13.69532479]
918 [13.67627226]
919 [13.65727131]
920 [13.63832172]
921 [13.61942324]
922 [13.60057561]
923 [13.58177859]
924 [13.56303191]
925 [13.54433531]
926 [13.52568852]
927 [13.50709126]
928 [13.48854326]
929 [13.47004426]
930 [13.45159396]
931 [13.4331921]
932 [13.4148384]
933 [13.39653259]
934 [13.37827439]
935 [13.36006354]
936 [13.34189976]
937 [13.32378278]
938 [13.30571236]
939 [13.28768822]
940 [13.26971011]
941 [13.25177779]
942 [13.23389099]
943 [13.21604949]
944 [13.19825303]
945 [13.18050139]
946 [13.16279433]
947 [13.14513164]
948 [13.12751308]
949 [13.10993845]
950 [13.09240754]
951 [13.07492013]
952 [13.05747602]
953 [13.04007502]
954 [13.02271694]
955 [13.00540158]
956 [12.98812876]
957 [12.97089831]
958 [12.95371004]
959 [12.93656379]
960 [12.91945938]
961 [12.90239666]
962 [12.88537546]
963 [12.86839563]
964 [12.851457]
965 [12.83455944]
966 [12.81770278]
967 [12.8008869]
968 [12.78411163]
969 [12.76737686]
970 [12.75068243]
971 [12.73402821]
972 [12.71741407]
973 [12.70083988]
974 [12.68430551]
975 [12.66781084]
976 [12.65135572]
977 [12.63494005]
978 [12.6185637]
979 [12.60222655]
980 [12.58592847]
981 [12.56966935]
982 [12.55344906]
983 [12.5372675]
984 [12.52112454]
985 [12.50502006]
986 [12.48895395]
987 [12.4729261]
988 [12.45693639]
989 [12.4409847]
990 [12.42507092]
991 [12.40919494]
992 [12.39335664]
993 [12.3775559]
994 [12.36179261]
995 [12.34606667]
996 [12.33037794]
997 [12.31472633]
998 [12.29911171]
999 [12.28353397]
1000 [12.26799299]
1001 [12.25248867]
1002 [12.23702087]
1003 [12.22158949]
1004 [12.20619441]
1005 [12.19083552]
1006 [12.17551269]
1007 [12.16022581]
1008 [12.14497477]
1009 [12.12975943]
1010 [12.11457969]
1011 [12.09943543]
1012 [12.08432652]
1013 [12.06925284]
1014 [12.05421428]
1015 [12.03921072]
1016 [12.02424202]
1017 [12.00930808]
1018 [11.99440876]
1019 [11.97954395]
1020 [11.96471352]
1021 [11.94991735]
1022 [11.93515532]
1023 [11.92042729]
1024 [11.90573315]
1025 [11.89107278]
1026 [11.87644603]
1027 [11.8618528]
1028 [11.84729295]
1029 [11.83276635]
1030 [11.81827289]
1031 [11.80381242]
1032 [11.78938484]
1033 [11.77499]
1034 [11.76062778]
1035 [11.74629805]
1036 [11.73200069]
1037 [11.71773556]
1038 [11.70350253]
1039 [11.68930149]
1040 [11.67513229]
1041 [11.66099481]
1042 [11.64688892]
1043 [11.63281449]
1044 [11.6187714]
1045 [11.6047595]
1046 [11.59077868]
1047 [11.5768288]
1048 [11.56290974]
1049 [11.54902136]
1050 [11.53516354]
1051 [11.52133614]
1052 [11.50753904]
1053 [11.49377211]
1054 [11.48003521]
1055 [11.46632823]
1056 [11.45265103]
1057 [11.43900348]
1058 [11.42538546]
1059 [11.41179683]
1060 [11.39823748]
1061 [11.38470727]
1062 [11.37120607]
1063 [11.35773376]
1064 [11.34429022]
1065 [11.33087531]
1066 [11.31748892]
1067 [11.30413091]
1068 [11.29080116]
1069 [11.27749954]
1070 [11.26422594]
1071 [11.25098023]
1072 [11.23776228]
1073 [11.22457198]
1074 [11.2114092]
1075 [11.19827382]
1076 [11.18516572]
1077 [11.17208478]
1078 [11.15903088]
1079 [11.14600389]
1080 [11.13300371]
1081 [11.12003022]
1082 [11.10708329]
1083 [11.09416281]
1084 [11.08126866]
1085 [11.06840073]
1086 [11.05555891]
1087 [11.04274308]
1088 [11.02995313]
1089 [11.01718894]
1090 [11.00445041]
1091 [10.99173742]
1092 [10.97904987]
1093 [10.96638764]
1094 [10.95375063]
1095 [10.94113872]
1096 [10.92855182]
1097 [10.91598982]
1098 [10.9034526]
1099 [10.89094008]
1100 [10.87845214]
1101 [10.86598868]
1102 [10.85354961]
1103 [10.84113481]
1104 [10.8287442]
1105 [10.81637767]
1106 [10.80403512]
1107 [10.79171646]
1108 [10.77942159]
1109 [10.76715041]
1110 [10.75490284]
1111 [10.74267878]
1112 [10.73047813]
1113 [10.71830081]
1114 [10.70614672]
1115 [10.69401577]
1116 [10.68190788]
1117 [10.66982296]
1118 [10.65776092]
1119 [10.64572167]
1120 [10.63370513]
1121 [10.62171122]
1122 [10.60973984]
1123 [10.59779093]
1124 [10.58586439]
1125 [10.57396014]
1126 [10.56207811]
1127 [10.55021822]
1128 [10.53838038]
1129 [10.52656453]
1130 [10.51477057]
1131 [10.50299844]
1132 [10.49124806]
1133 [10.47951935]
1134 [10.46781224]
1135 [10.45612666]
1136 [10.44446254]
1137 [10.43281979]
1138 [10.42119835]
1139 [10.40959815]
1140 [10.39801912]
1141 [10.38646119]
1142 [10.37492428]
1143 [10.36340833]
1144 [10.35191327]
1145 [10.34043904]
1146 [10.32898555]
1147 [10.31755275]
1148 [10.30614057]
1149 [10.29474894]
1150 [10.28337779]
1151 [10.27202706]
1152 [10.26069669]
1153 [10.2493866]
1154 [10.23809673]
1155 [10.22682701]
1156 [10.21557738]
1157 [10.20434778]
1158 [10.19313813]
1159 [10.18194837]
1160 [10.17077844]
1161 [10.15962827]
1162 [10.14849779]
1163 [10.13738694]
1164 [10.12629566]
1165 [10.11522387]
1166 [10.10417151]
1167 [10.09313851]
1168 [10.08212481]
1169 [10.07113034]
1170 [10.06015503]
1171 [10.04919881]
1172 [10.03826163]
1173 [10.0273434]
1174 [10.01644406]
1175 [10.00556354]
1176 [9.99470177]
1177 [9.98385868]
1178 [9.9730342]
1179 [9.96222826]
1180 [9.95144079]
1181 [9.94067171]
1182 [9.92992096]
1183 [9.91918847]
1184 [9.90847415]
1185 [9.89777794]
1186 [9.88709976]
1187 [9.87643953]
1188 [9.86579719]
1189 [9.85517266]
1190 [9.84456585]
1191 [9.8339767]
1192 [9.82340514]
1193 [9.81285107]
1194 [9.80231442]
1195 [9.79179512]
1196 [9.78129309]
1197 [9.77080825]
1198 [9.76034052]
1199 [9.74988982]
1200 [9.73945607]
1201 [9.7290392]
1202 [9.71863912]
1203 [9.70825575]
1204 [9.69788901]
1205 [9.68753883]
1206 [9.67720512]
1207 [9.66688779]
1208 [9.65658678]
1209 [9.64630201]
1210 [9.63603338]
1211 [9.62578082]
1212 [9.61554425]
1213 [9.60532359]
1214 [9.59511876]
1215 [9.58492968]
1216 [9.57475627]
1217 [9.56459845]
1218 [9.55445615]
1219 [9.54432929]
1220 [9.53421778]
1221 [9.52412155]
1222 [9.51404053]
1223 [9.50397463]
1224 [9.49392379]
1225 [9.48388793]
1226 [9.47386697]
1227 [9.46386085]
1228 [9.45386948]
1229 [9.4438928]
1230 [9.43393074]
1231 [9.42398322]
1232 [9.41405018]
1233 [9.40413156]
1234 [9.39422727]
1235 [9.38433727]
1236 [9.37446147]
1237 [9.36459983]
1238 [9.35475227]
1239 [9.34491875]
1240 [9.33509918]
1241 [9.32529353]
1242 [9.31550172]
1243 [9.30572371]
1244 [9.29595944]
1245 [9.28620885]
1246 [9.2764719]
1247 [9.26674853]
1248 [9.2570387]
1249 [9.24734235]
1250 [9.23765944]
1251 [9.22798992]
1252 [9.21833376]
1253 [9.2086909]
1254 [9.19906132]
1255 [9.18944496]
1256 [9.17984179]
1257 [9.17025178]
1258 [9.16067489]
1259 [9.15111109]
1260 [9.14156035]
1261 [9.13202263]
1262 [9.12249792]
1263 [9.11298617]
1264 [9.10348737]
1265 [9.09400149]
1266 [9.08452851]
1267 [9.07506841]
1268 [9.06562117]
1269 [9.05618677]
1270 [9.04676519]
1271 [9.03735643]
1272 [9.02796045]
1273 [9.01857727]
1274 [9.00920685]
1275 [8.9998492]
1276 [8.9905043]
1277 [8.98117215]
1278 [8.97185275]
1279 [8.96254608]
1280 [8.95325214]
1281 [8.94397094]
1282 [8.93470247]
1283 [8.92544674]
1284 [8.91620374]
1285 [8.90697348]
1286 [8.89775596]
1287 [8.88855119]
1288 [8.87935917]
1289 [8.87017991]
1290 [8.86101341]
1291 [8.8518597]
1292 [8.84271877]
1293 [8.83359064]
1294 [8.82447532]
1295 [8.81537281]
1296 [8.80628314]
1297 [8.79720632]
1298 [8.78814236]
1299 [8.77909127]
1300 [8.77005307]
1301 [8.76102778]
1302 [8.75201541]
1303 [8.74301598]
1304 [8.7340295]
1305 [8.725056]
1306 [8.71609549]
1307 [8.70714798]
1308 [8.6982135]
1309 [8.68929207]
1310 [8.68038369]
1311 [8.6714884]
1312 [8.6626062]
1313 [8.65373712]
1314 [8.64488117]
1315 [8.63603837]
1316 [8.62720875]
1317 [8.61839231]
1318 [8.60958908]
1319 [8.60079907]
1320 [8.59202229]
1321 [8.58325878]
1322 [8.57450853]
1323 [8.56577158]
1324 [8.55704793]
1325 [8.5483376]
1326 [8.5396406]
1327 [8.53095695]
1328 [8.52228667]
1329 [8.51362976]
1330 [8.50498624]
1331 [8.49635612]
1332 [8.48773942]
1333 [8.47913614]
1334 [8.4705463]
1335 [8.4619699]
1336 [8.45340696]
1337 [8.44485749]
1338 [8.4363215]
1339 [8.42779899]
1340 [8.41928997]
1341 [8.41079445]
1342 [8.40231244]
1343 [8.39384394]
1344 [8.38538896]
1345 [8.3769475]
1346 [8.36851957]
1347 [8.36010518]
1348 [8.35170432]
1349 [8.343317]
1350 [8.33494323]
1351 [8.326583]
1352 [8.31823632]
1353 [8.30990319]
1354 [8.30158361]
1355 [8.29327758]
1356 [8.28498511]
1357 [8.27670618]
1358 [8.26844081]
1359 [8.260189]
1360 [8.25195073]
1361 [8.24372601]
1362 [8.23551483]
1363 [8.2273172]
1364 [8.21913312]
1365 [8.21096257]
1366 [8.20280556]
1367 [8.19466208]
1368 [8.18653213]
1369 [8.1784157]
1370 [8.17031279]
1371 [8.1622234]
1372 [8.15414751]
1373 [8.14608513]
1374 [8.13803625]
1375 [8.13000086]
1376 [8.12197895]
1377 [8.11397052]
1378 [8.10597556]
1379 [8.09799406]
1380 [8.09002601]
1381 [8.0820714]
1382 [8.07413023]
1383 [8.06620249]
1384 [8.05828815]
1385 [8.05038722]
1386 [8.04249969]
1387 [8.03462553]
1388 [8.02676474]
1389 [8.0189173]
1390 [8.01108321]
1391 [8.00326244]
1392 [7.99545498]
1393 [7.98766082]
1394 [7.97987994]
1395 [7.97211231]
1396 [7.96435794]
1397 [7.95661679]
1398 [7.94888884]
1399 [7.94117409]
1400 [7.9334725]
1401 [7.92578405]
1402 [7.91810873]
1403 [7.9104465]
1404 [7.90279735]
1405 [7.89516125]
1406 [7.88753818]
1407 [7.8799281]
1408 [7.87233098]
1409 [7.86474681]
1410 [7.85717555]
1411 [7.84961717]
1412 [7.84207163]
1413 [7.83453891]
1414 [7.82701897]
1415 [7.81951178]
1416 [7.8120173]
1417 [7.80453549]
1418 [7.79706632]
1419 [7.78960975]
1420 [7.78216573]
1421 [7.77473423]
1422 [7.76731521]
1423 [7.75990861]
1424 [7.75251441]
1425 [7.74513255]
1426 [7.73776298]
1427 [7.73040566]
1428 [7.72306055]
1429 [7.71572758]
1430 [7.70840672]
1431 [7.70109791]
1432 [7.6938011]
1433 [7.68651624]
1434 [7.67924327]
1435 [7.67198213]
1436 [7.66473278]
1437 [7.65749515]
1438 [7.65026919]
1439 [7.64305484]
1440 [7.63585204]
1441 [7.62866073]
1442 [7.62148085]
1443 [7.61431234]
1444 [7.60715513]
1445 [7.60000916]
1446 [7.59287437]
1447 [7.58575069]
1448 [7.57863807]
1449 [7.57153642]
1450 [7.5644457]
1451 [7.55736582]
1452 [7.55029672]
1453 [7.54323834]
1454 [7.5361906]
1455 [7.52915344]
1456 [7.52212679]
1457 [7.51511057]
1458 [7.50810472]
1459 [7.50110917]
1460 [7.49412384]
1461 [7.48714867]
1462 [7.48018358]
1463 [7.4732285]
1464 [7.46628336]
1465 [7.45934809]
1466 [7.45242261]
1467 [7.44550686]
1468 [7.43860075]
1469 [7.43170422]
1470 [7.4248172]
1471 [7.41793961]
1472 [7.41107138]
1473 [7.40421243]
1474 [7.39736271]
1475 [7.39052212]
1476 [7.3836906]
1477 [7.37686808]
1478 [7.37005449]
1479 [7.36324975]
1480 [7.3564538]
1481 [7.34966655]
1482 [7.34288795]
1483 [7.33611791]
1484 [7.32935638]
1485 [7.32260327]
1486 [7.31585852]
1487 [7.30912206]
1488 [7.30239383]
1489 [7.29567374]
1490 [7.28896174]
1491 [7.28225776]
1492 [7.27556173]
1493 [7.26887358]
1494 [7.26219324]
1495 [7.25552066]
1496 [7.24885576]
1497 [7.24219848]
1498 [7.23554876]
1499 [7.22890653]
