0 1835.6422163549028 30.583333333333336
1 1730.9013996244212 35.833333333333336
2 1669.4912365180062 38.75
3 1639.6448242595966 40.08333333333333
4 1590.7711078640189 43.583333333333336
5 1600.3293117259964 43.416666666666664
6 1638.073414395556 40.666666666666664
7 1616.6165435660848 42.16666666666667
8 1603.9060922735664 43.0
9 1585.8739563470688 42.083333333333336
10 1598.8856851734074 42.66666666666667
11 1566.444433440657 44.416666666666664
12 1608.550130222058 44.916666666666664
13 1599.82297341059 43.0
14 1577.0467173333866 44.916666666666664
15 1580.7859479944455 44.75
16 1590.1038744254422 44.333333333333336
17 1562.0793112825486 43.833333333333336
18 1558.7979301416085 45.83333333333333
19 1556.1589051645108 44.083333333333336
20 1565.287026138977 46.416666666666664
21 1574.478208772808 47.0
22 1546.5883742415865 46.833333333333336
23 1565.2682339234057 45.75
24 1538.3160204364742 47.333333333333336
25 1542.137223781582 47.91666666666667
26 1543.5770201005 46.25
27 1566.0714556537334 46.666666666666664
28 1562.9745703662336 45.08333333333333
29 1538.4021551905819 45.25
30 1558.4090556295605 46.33333333333333
31 1557.7525944398033 45.58333333333333
32 1562.7113031387853 45.58333333333333
33 1545.948114739897 45.916666666666664
34 1559.4635756322562 45.08333333333333
35 1555.4528199534125 43.75
36 1551.8672894874373 46.33333333333333
37 1543.1910634027108 46.0
38 1544.6272939976222 47.25
39 1581.243573369973 44.583333333333336
40 1537.7454614029657 45.0
41 1543.950692720631 46.33333333333333
42 1549.424012096306 46.25
43 1557.5897036983656 45.0
44 1526.1325376620866 46.416666666666664
45 1535.2361860336991 46.666666666666664
46 1551.5389192884197 44.83333333333333
47 1548.5065769075595 46.08333333333333
48 1538.2367801907176 46.166666666666664
49 1566.6064962779083 46.08333333333333
50 1528.3682644332275 46.833333333333336
51 1541.3864629169766 45.25
52 1555.629572215161 46.08333333333333
53 1576.9941005434296 43.833333333333336
54 1536.3185154303235 45.75
55 1515.0226594042772 46.666666666666664
56 1536.7356909047037 45.166666666666664
57 1508.7379237785187 46.666666666666664
58 1541.008556813222 46.08333333333333
59 1509.379396476277 47.91666666666667
60 1526.6255980667704 47.41666666666667
61 1542.091126257948 46.58333333333333
62 1540.6396903468049 48.0
63 1544.4742507596056 45.83333333333333
64 1539.6648822154189 46.833333333333336
65 1508.1308200057479 48.833333333333336
66 1555.896590804959 46.0
67 1541.25451919409 46.25
68 1531.0843265857632 48.25
69 1517.407208336995 47.0
70 1540.6655109021708 46.75
71 1542.5535453686953 47.583333333333336
72 1514.2225544240757 48.16666666666667
73 1521.1170304883524 49.0
74 1521.825481746264 48.75
75 1549.6262880038746 47.41666666666667
76 1513.7599832353767 50.83333333333333
77 1531.9869441470585 48.5
78 1524.8379287085115 48.75
79 1504.3380759260056 50.24999999999999
80 1518.2653593676057 50.24999999999999
81 1500.230080772939 50.083333333333336
82 1515.7338662627908 51.33333333333333
83 1509.4962965079894 48.083333333333336
84 1493.4591855033282 48.66666666666667
85 1543.4948877530032 47.833333333333336
86 1531.7256979031963 48.583333333333336
87 1530.8868240418917 49.333333333333336
88 1525.787995575956 48.583333333333336
89 1511.248616584914 48.833333333333336
90 1520.139030465811 47.833333333333336
91 1514.5366725899503 49.5
92 1509.6089865043302 47.583333333333336
93 1556.7131215350234 47.0
94 1536.5844291149083 47.91666666666667
95 1532.7440855769798 49.583333333333336
96 1533.0650821308436 47.66666666666667
97 1526.932043676797 47.333333333333336
98 1530.4446113547995 49.166666666666664
99 1541.5185338630988 48.333333333333336
100 1516.9083018796748 48.083333333333336
101 1515.3614683391825 50.916666666666664
102 1515.1017749475316 48.66666666666667
103 1524.3618838244035 49.0
104 1532.3222291210989 48.75
105 1539.724439230215 48.083333333333336
106 1510.5591738255698 49.333333333333336
107 1487.6824353058087 49.75
108 1507.2805877122364 50.16666666666667
109 1525.8439078743188 48.083333333333336
110 1526.1413472479865 47.66666666666667
111 1513.0340616941428 50.33333333333333
112 1497.4820971117706 50.74999999999999
113 1513.6338238389424 48.5
114 1499.839822500097 50.0
115 1490.436862289227 50.33333333333333
116 1493.4176477637304 50.16666666666667
117 1513.134900660677 47.91666666666667
118 1482.2593514445114 51.083333333333336
119 1476.3634731944283 50.583333333333336
120 1485.309278299113 49.583333333333336
121 1464.9433455150022 51.24999999999999
122 1493.3286274390036 49.5
123 1508.2944334395324 51.33333333333333
124 1473.008051626349 52.33333333333333
125 1483.7586902148387 49.083333333333336
126 1503.987976698525 48.5
127 1501.3371495918007 49.5
128 1483.5864350437348 50.74999999999999
129 1489.5745214809008 50.083333333333336
130 1510.7602951636816 49.5
131 1514.8885129737423 49.333333333333336
132 1521.1927823216172 50.5
133 1536.7346502626906 48.75
134 1489.4255393432943 50.5
135 1478.8938994587857 51.916666666666664
136 1497.2145134225455 50.74999999999999
137 1479.3287573210898 49.416666666666664
138 1492.57882544589 50.33333333333333
139 1493.190606391606 49.166666666666664
140 1507.059505040202 49.583333333333336
141 1505.030615486183 49.75
142 1483.5690902648066 50.16666666666667
143 1449.4101526003008 53.0
144 1470.8801134024723 51.083333333333336
145 1481.9026178690792 49.583333333333336
146 1502.3218891786448 50.16666666666667
147 1496.229085233684 49.75
148 1477.1196322521414 50.33333333333333
149 1478.6425844894686 52.25
150 1508.5426582290843 49.916666666666664
151 1510.850993543125 50.24999999999999
152 1491.2740378314506 51.0
153 1467.7462154203752 50.24999999999999
154 1492.798042899293 50.416666666666664
155 1496.080766700449 50.0
156 1463.8631040986284 51.83333333333333
157 1475.1051607776208 51.74999999999999
158 1498.9700994714674 50.16666666666667
159 1485.4579726980776 49.833333333333336
160 1475.1550790916954 51.0
161 1474.3073429442632 51.083333333333336
162 1478.5611218667643 50.74999999999999
163 1453.0986696717496 52.166666666666664
164 1458.3581723322045 50.33333333333333
165 1440.6837643093183 52.083333333333336
166 1462.550300332979 51.083333333333336
167 1446.6414737846765 51.416666666666664
168 1477.0933306713557 51.583333333333336
169 1466.3931116431356 50.16666666666667
170 1473.2282339575238 51.416666666666664
171 1476.8238428312275 50.74999999999999
172 1458.234326731096 51.083333333333336
173 1483.2222447219856 50.33333333333333
174 1476.4306185925827 50.416666666666664
175 1463.9256862888826 50.0
176 1461.8108508531104 49.25
177 1472.110104421099 51.66666666666667
178 1468.4496140443116 52.166666666666664
179 1472.4559273186915 49.833333333333336
180 1444.7742716208666 52.5
181 1451.220436646369 50.916666666666664
182 1474.9806401185829 52.5
183 1480.7229931324623 51.24999999999999
184 1480.3845531097188 50.66666666666667
185 1449.7387574642225 52.416666666666664
186 1475.439772807561 51.33333333333333
187 1457.0672403531935 51.083333333333336
188 1480.944236284706 50.16666666666667
189 1466.5196361979208 50.74999999999999
190 1469.4021671437074 49.666666666666664
191 1460.6446800212764 50.33333333333333
192 1475.5749045228656 51.583333333333336
193 1454.75761732686 50.916666666666664
194 1484.5561229117468 51.0
195 1460.0982773210358 52.25
196 1467.096199349457 49.75
197 1461.7730840418692 51.16666666666667
