0 2063.811829116761 23.23076923076923
1 1949.5207433893772 32.61538461538461
2 1867.6445726649051 36.84615384615385
3 1839.5867803143008 38.69230769230769
4 1777.9801634168712 41.692307692307686
5 1714.6263643235345 46.07692307692307
6 1683.1926957798237 46.76923076923077
7 1632.6134029190926 49.30769230769231
8 1609.9604330855757 51.07692307692307
9 1601.2401711325924 51.38461538461539
10 1587.616414945754 50.69230769230769
11 1580.5534578830939 52.23076923076923
12 1542.0020464121058 54.46153846153846
13 1540.0602043031731 52.0
14 1516.8222288079014 53.76923076923077
15 1493.1349835826459 54.0
16 1510.7578447758024 54.53846153846153
17 1485.7100115596138 55.15384615384615
18 1485.9962297586983 54.53846153846153
19 1495.4515767684675 55.38461538461539
20 1462.452899419041 55.92307692307692
21 1468.9668438132853 56.99999999999999
22 1479.3750457913989 56.46153846153846
23 1461.390133908164 55.769230769230774
24 1441.2934884492342 56.46153846153846
25 1465.946385100793 56.99999999999999
26 1413.9475935488297 58.15384615384615
27 1411.2742990298714 59.61538461538461
28 1403.4167423396668 57.769230769230774
29 1428.8313333401625 57.30769230769231
30 1414.9987116331702 57.230769230769226
31 1407.7183550714485 59.07692307692308
32 1372.3719401000192 59.23076923076923
33 1383.9104898859118 58.84615384615385
34 1398.3776725052176 59.38461538461538
35 1378.7809507949967 59.23076923076923
36 1368.4770978824174 59.0
37 1357.9503465443238 59.769230769230774
38 1351.309231780381 60.38461538461538
39 1360.289614218901 59.61538461538461
40 1358.2601191433166 59.0
41 1365.3655372465844 60.07692307692307
42 1342.5987139853391 59.84615384615385
43 1354.0195128943622 59.61538461538461
44 1331.4775606258436 61.46153846153845
45 1360.4493165256301 58.92307692307692
46 1325.7673625741243 60.92307692307693
47 1322.790545817976 61.69230769230769
48 1324.1723830237756 61.846153846153854
49 1306.6530162417118 62.38461538461538
50 1296.5958177421476 61.76923076923077
51 1290.799705331116 62.0
52 1300.7147745110756 61.0
53 1298.1542110652063 61.0
54 1304.2975234894438 62.0
55 1294.813973249396 62.46153846153846
56 1307.6883383621923 60.53846153846154
57 1283.0085869426168 62.69230769230769
58 1310.7693626839418 62.846153846153854
59 1287.606519957987 62.92307692307693
60 1317.6361407787688 60.92307692307693
61 1308.7938545018585 62.0
62 1296.3751464685924 62.61538461538462
63 1288.7686344387191 63.153846153846146
64 1287.2754500074564 61.61538461538461
65 1264.8280114773772 63.0
66 1277.680744346965 62.846153846153854
67 1284.3544694418988 62.46153846153846
68 1256.6718763790634 62.846153846153854
69 1299.3479701407186 61.61538461538461
70 1288.5198685739106 62.46153846153846
71 1301.3288861739356 61.46153846153845
72 1305.086411951747 62.53846153846154
73 1287.6367827175688 62.38461538461538
74 1307.8406353683142 60.38461538461538
75 1256.2877239385914 64.0
76 1296.8490474258483 62.76923076923077
77 1279.7615272052685 62.07692307692307
78 1260.6545322759741 63.76923076923077
79 1254.3320794123779 64.61538461538461
80 1245.2741324701497 63.69230769230769
81 1224.9946670136721 64.38461538461539
82 1295.5417675322958 63.153846153846146
83 1271.5230781407456 64.6923076923077
84 1267.79281440932 63.84615384615384
85 1261.5416654246972 64.15384615384615
86 1246.5432629371053 63.23076923076923
87 1269.4567987275507 63.0
88 1265.512291025347 65.23076923076923
89 1262.8607183468373 63.61538461538462
90 1252.4011409046002 63.76923076923077
91 1244.3079913629415 62.61538461538462
92 1264.429055339289 63.07692307692307
93 1241.3826371326206 63.76923076923077
94 1236.3195065278844 64.46153846153845
95 1256.7125259991483 64.38461538461539
96 1237.222588252857 65.46153846153845
97 1246.5364746621858 64.92307692307693
98 1232.2401069429216 64.3076923076923
99 1239.318676332616 65.3076923076923
100 1221.6674078736519 64.0
101 1228.1663031980138 64.84615384615384
102 1222.265570624497 65.53846153846153
103 1247.3241819559198 66.38461538461539
104 1245.745974953655 63.69230769230769
105 1207.2733017149394 65.23076923076923
106 1221.1362650481167 65.92307692307692
107 1227.2778709212091 65.0
108 1247.027579302642 63.84615384615384
109 1228.9694633766276 65.0
110 1242.772595448017 65.61538461538461
111 1246.7432038308525 66.53846153846153
112 1257.7689902255365 64.3076923076923
113 1259.1393212095754 63.61538461538462
114 1240.5459885678174 64.46153846153845
115 1229.738167446836 64.84615384615384
116 1260.329808612086 64.46153846153845
117 1196.8099207154082 67.76923076923077
118 1227.9317248602006 64.53846153846153
119 1232.7107212967007 63.46153846153846
120 1243.5162077005532 64.53846153846153
121 1224.721686432988 65.23076923076923
122 1244.1522537559806 66.53846153846153
123 1251.7525212189125 66.53846153846153
124 1239.340783419228 65.76923076923077
125 1216.0818452832052 66.53846153846153
126 1213.7710719894762 66.0
127 1194.107575404014 64.92307692307693
128 1235.7563672054343 64.07692307692308
129 1217.3440075796257 65.6923076923077
130 1232.3045861543758 66.0
131 1248.6603861371352 64.6923076923077
132 1223.7040929293119 65.61538461538461
133 1239.113810325402 65.76923076923077
134 1219.0933860773002 65.84615384615384
135 1198.4733662937592 67.53846153846153
136 1180.5818892407042 67.92307692307692
137 1214.9531095111297 66.07692307692308
138 1234.0368901095962 64.61538461538461
139 1248.002152263029 64.76923076923077
140 1214.7400838388594 65.92307692307692
141 1216.3370189989078 66.46153846153847
142 1243.3622736968614 65.38461538461539
143 1230.2107231044722 64.92307692307693
144 1214.034900600499 66.07692307692308
145 1203.040671835143 66.07692307692308
146 1210.5448467384092 66.92307692307692
147 1214.9562440848927 65.92307692307692
148 1208.633240625412 65.3076923076923
149 1201.9442839108133 66.76923076923077
150 1205.0439771518636 64.23076923076924
151 1231.9402507656876 65.84615384615384
152 1199.8240296494932 66.07692307692308
153 1212.9815065017801 65.61538461538461
154 1186.7076613319769 66.6923076923077
155 1217.6477133706378 65.46153846153845
156 1195.3571344687182 63.61538461538462
157 1191.646928328624 67.61538461538461
158 1200.5194022636122 65.23076923076923
159 1231.0568938021045 65.3076923076923
160 1205.680208983744 65.23076923076923
161 1200.5722047341042 65.76923076923077
162 1218.7949378377316 65.23076923076923
163 1204.0612889291635 65.15384615384615
164 1199.4912105151352 66.38461538461539
165 1213.1468007867684 65.53846153846153
166 1188.2338857433933 66.84615384615384
167 1223.540037378882 66.53846153846153
168 1212.9781124857213 65.92307692307692
169 1197.593970340378 66.23076923076923
170 1196.7848105929138 66.3076923076923
171 1238.7506272114188 66.46153846153847
