0 2005.2233121328954 18.166666666666668
1 1973.335132129782 18.0
2 1956.736858986611 19.833333333333332
3 1947.1931518937215 19.583333333333332
4 1941.2442439756144 21.333333333333336
5 1937.2614588851395 20.916666666666668
6 1934.4144067584152 21.5
7 1932.2529701264345 21.916666666666668
8 1930.5210113092442 22.083333333333332
9 1929.0659070861764 22.416666666666664
10 1927.79258271934 22.333333333333332
11 1926.6396656195384 22.416666666666664
12 1925.5663558530073 22.25
13 1924.544632754331 22.25
14 1923.5544755297212 22.666666666666664
15 1922.5809578627773 22.666666666666664
16 1921.6125290800412 22.916666666666664
17 1920.6400013972686 23.0
18 1919.6559316180198 23.333333333333332
19 1918.6542407160648 23.666666666666668
20 1917.6299961452805 24.083333333333336
21 1916.5792898830834 24.5
22 1915.4991231532204 24.833333333333332
23 1914.387199580132 25.416666666666664
24 1913.2415684469597 25.75
25 1912.0601545849815 26.083333333333332
26 1910.8403126908074 26.416666666666664
27 1909.5785940217106 26.583333333333332
28 1908.270924294141 26.75
29 1906.9133847407336 26.916666666666668
30 1905.5035922102516 27.0
31 1904.0420232793288 27.250000000000004
32 1902.5320667828507 27.833333333333332
33 1900.9786161742652 27.916666666666668
34 1899.3868143697293 28.083333333333332
35 1897.7619601532256 28.000000000000004
36 1896.1096243633704 28.083333333333332
37 1894.4349363282865 28.249999999999996
38 1892.7414119324205 28.249999999999996
39 1891.0304855394704 28.749999999999996
40 1889.3021322525262 28.499999999999996
41 1887.5558627585633 28.999999999999996
42 1885.791420102542 29.25
43 1884.0090806381875 29.083333333333332
44 1882.2095036075725 29.416666666666668
45 1880.3929750129244 29.583333333333332
46 1878.5583049557445 29.583333333333332
47 1876.7021370925256 29.333333333333332
48 1874.819101644674 29.666666666666668
49 1872.9025270752747 29.583333333333332
50 1870.945324960278 29.416666666666668
51 1868.941034644927 29.666666666666668
52 1866.885129026898 30.416666666666664
53 1864.77602965958 30.833333333333336
54 1862.6148534933286 30.833333333333336
55 1860.4042463742674 31.333333333333336
56 1858.147658672636 31.5
57 1855.8487766502299 31.666666666666664
58 1853.509917564312 32.0
59 1851.130475830247 32.416666666666664
60 1848.7075006821049 32.166666666666664
61 1846.2376928589197 32.166666666666664
62 1843.7183448913306 32.33333333333333
63 1841.1463320269354 32.33333333333333
64 1838.5179078994238 32.666666666666664
65 1835.8439456967785 32.75
66 1833.1620423228542 33.25
67 1830.4834112196613 33.33333333333333
68 1827.8188414445983 33.58333333333333
69 1825.181202376199 33.75
70 1822.5802618290509 33.75
71 1820.0262667148975 34.0
72 1817.5283251700962 33.916666666666664
73 1815.0884792526265 33.83333333333333
74 1812.6992230261385 34.0
75 1810.3469622911146 34.5
76 1808.018363750698 34.333333333333336
77 1805.7054442915698 34.08333333333333
78 1803.4108981092777 34.08333333333333
79 1801.1546332868782 34.0
80 1798.9588851039143 34.166666666666664
81 1796.8234309529055 34.25
82 1794.7358092920963 34.25
83 1792.684454080566 34.333333333333336
84 1790.6589816196076 34.5
85 1788.6469189958054 34.5
86 1786.6313906385603 34.25
87 1784.5935371425714 34.08333333333333
88 1782.521399804972 34.333333333333336
89 1780.4177392404406 34.333333333333336
90 1778.2880042806162 34.416666666666664
91 1776.1195877967086 34.416666666666664
92 1773.8976610805128 34.5
93 1771.656288927904 34.583333333333336
94 1769.4698415482587 34.66666666666667
95 1767.3072437083604 34.5
96 1765.09382646254 34.583333333333336
97 1762.8174238107315 34.416666666666664
98 1760.5131576772053 34.583333333333336
99 1758.2047798556375 34.91666666666667
100 1755.890355298149 35.25
101 1753.552461578569 35.333333333333336
102 1751.166238634261 35.25
103 1748.7057216814753 35.583333333333336
104 1746.1626512296775 35.66666666666667
105 1743.571991209777 35.66666666666667
106 1740.9948156408896 35.66666666666667
107 1738.4475451723213 35.75
108 1735.9294918536239 35.66666666666667
109 1733.4300611997264 35.75
110 1730.8721228970833 35.91666666666667
111 1728.1667845514025 35.833333333333336
112 1725.3885204726244 36.0
113 1722.7342428469226 36.16666666666667
114 1720.106082277779 36.083333333333336
115 1717.3574330786416 36.25
116 1714.5263276701485 36.25
117 1711.8739706308143 36.16666666666667
118 1709.5322931408762 36.25
119 1707.4000546088187 36.41666666666667
120 1705.3994244944759 36.833333333333336
121 1703.4746953146612 37.083333333333336
122 1701.5744095862522 37.166666666666664
123 1699.660269683609 37.166666666666664
124 1697.7105318140973 37.0
125 1695.6939130702735 37.166666666666664
126 1693.5388474017302 37.5
127 1691.1622032282714 37.916666666666664
128 1688.6168986255639 38.083333333333336
129 1686.0555015623986 38.166666666666664
130 1683.5319313261589 38.416666666666664
131 1681.0940086948353 38.666666666666664
132 1678.7392590531795 38.666666666666664
133 1676.4111940663142 38.916666666666664
134 1673.9554940200956 39.0
135 1671.189558245384 39.166666666666664
136 1668.3457568103115 39.5
137 1666.0940532822437 39.58333333333333
138 1664.151775206781 39.75
139 1662.2353574623294 39.83333333333333
140 1660.2475716075874 39.916666666666664
141 1658.297023966671 40.0
142 1656.4117467522578 40.0
143 1654.489071659377 40.08333333333333
144 1652.4912789830212 40.08333333333333
145 1650.395200857822 40.33333333333333
146 1648.2391903083735 40.416666666666664
147 1646.1119448996924 41.16666666666667
148 1644.0388085363516 41.41666666666667
149 1642.0563701137435 41.583333333333336
150 1640.2020161495957 41.583333333333336
151 1638.4968460984724 41.833333333333336
152 1636.8440805829566 41.75
153 1635.136489222344 41.66666666666667
154 1633.3175810603843 41.583333333333336
155 1631.394483789724 41.75
156 1629.3095136960083 41.833333333333336
157 1626.9762017906007 41.91666666666667
158 1624.538516081581 41.833333333333336
159 1622.0873697111017 42.083333333333336
160 1619.6025545950686 42.16666666666667
161 1617.257547914093 42.16666666666667
162 1615.056456518816 42.5
163 1612.9599595526997 42.75
164 1611.0051927985553 42.833333333333336
165 1609.1156930827694 43.0
166 1607.1908873968302 43.333333333333336
167 1605.2100972646638 43.416666666666664
168 1603.146986869691 43.333333333333336
169 1600.989140849487 43.5
170 1598.7997402057906 43.416666666666664
171 1596.5285350577244 43.5
172 1594.2331682780953 43.583333333333336
173 1592.1103180624507 43.75
174 1590.0545894454258 43.833333333333336
175 1587.9177294070282 43.916666666666664
176 1585.5719524653205 43.916666666666664
177 1582.7936846318294 44.166666666666664
178 1579.591594434094 44.0
179 1576.5487979099296 43.916666666666664
180 1573.842872388972 43.833333333333336
181 1571.5478874397425 44.083333333333336
182 1569.4127521083892 44.25
183 1567.1456160315088 44.416666666666664
184 1565.0632972513758 44.416666666666664
185 1563.417906607234 44.666666666666664
186 1561.8698193140983 44.5
187 1560.3251061873093 44.666666666666664
188 1558.8104792086065 45.166666666666664
189 1557.3514891849131 45.75
190 1555.9089934755398 45.58333333333333
191 1554.4333441629142 45.58333333333333
192 1552.8728434512232 46.25
193 1551.1713129201303 46.5
194 1549.3119839706058 46.33333333333333
195 1547.3373650206147 46.33333333333333
196 1545.3520975155968 46.5
197 1543.5734567173092 46.666666666666664
198 1541.9621169045479 46.75
199 1540.4080134808626 46.666666666666664
200 1538.8496273188257 46.916666666666664
201 1537.2364235474568 47.25
202 1535.511949935352 47.25
203 1533.597908342005 47.41666666666667
204 1531.4380542395434 47.333333333333336
205 1529.272390098586 47.583333333333336
206 1527.443958611562 47.833333333333336
207 1525.8390233416726 47.833333333333336
208 1524.330060562342 47.75
209 1522.842250859428 47.66666666666667
210 1521.292402237257 47.66666666666667
211 1519.569441274498 47.75
212 1517.714740094897 47.91666666666667
213 1515.9132593699665 47.75
214 1514.2910553505935 47.91666666666667
215 1512.6490771138456 48.333333333333336
216 1511.0539727698133 48.41666666666667
217 1509.6152575489382 48.333333333333336
218 1508.2462238562662 48.25
219 1506.9091107721706 48.41666666666667
220 1505.578356698278 48.41666666666667
221 1504.209268407741 48.583333333333336
222 1502.7090857707549 48.75
223 1500.858112996834 48.91666666666667
224 1498.7719143754045 49.0
225 1497.041715489141 49.25
226 1495.2221535374977 49.166666666666664
227 1493.2469106959688 49.166666666666664
228 1491.1979529329733 49.083333333333336
229 1489.4547593661925 49.166666666666664
230 1487.9457297358724 49.083333333333336
231 1486.5125719964574 49.166666666666664
232 1485.0761599367459 49.166666666666664
233 1483.5394499642887 49.5
234 1481.7521721970422 49.833333333333336
235 1479.6991182884203 49.75
236 1477.7703869237987 49.75
237 1475.9712834385832 50.0
238 1474.2996897856067 50.16666666666667
239 1472.675308502429 50.24999999999999
240 1470.9870554836054 50.24999999999999
241 1469.2731255310805 50.416666666666664
242 1467.6445291806717 50.583333333333336
243 1466.0056349491488 50.583333333333336
244 1464.387924551916 50.83333333333333
245 1462.9178601261758 50.83333333333333
246 1461.5459176107715 50.916666666666664
247 1460.208008764647 51.083333333333336
248 1458.8548938355627 51.24999999999999
249 1457.4821076805563 51.33333333333333
250 1456.0941491878632 51.416666666666664
251 1454.6218394479554 51.583333333333336
252 1453.0668430413384 51.583333333333336
253 1451.5049840078523 51.66666666666667
254 1449.8559094417594 51.74999999999999
255 1447.8975339875783 51.83333333333333
256 1445.708141990311 51.83333333333333
257 1443.8888190256753 52.0
258 1441.9606786554875 51.916666666666664
259 1440.0080946996761 52.083333333333336
260 1438.1088474462508 52.166666666666664
261 1436.2189532356285 52.416666666666664
262 1434.2093517381152 52.25
263 1432.529298312556 52.416666666666664
264 1431.0011425484 52.416666666666664
265 1429.409328303437 52.33333333333333
266 1427.5773506276732 52.5
267 1425.5185221537554 52.666666666666664
268 1423.964279483156 52.83333333333333
269 1422.4237903290507 52.916666666666664
270 1420.8138022971536 53.333333333333336
271 1419.1361116286841 53.666666666666664
272 1417.4284363241152 53.91666666666667
273 1415.7732879274033 54.0
274 1413.8327511930945 54.0
275 1410.563346093288 54.083333333333336
276 1406.4693138020784 54.166666666666664
277 1403.2286077385702 54.166666666666664
278 1401.6280110491912 54.083333333333336
279 1400.111134695008 54.166666666666664
280 1398.5427546303526 54.25
281 1396.8314517553897 54.333333333333336
282 1395.0921186742735 54.333333333333336
283 1393.4054696889566 54.333333333333336
284 1391.7295016912374 54.333333333333336
285 1389.9843035428778 54.50000000000001
286 1388.124950009676 54.50000000000001
287 1386.5030135358209 54.58333333333333
288 1385.0451523469617 54.666666666666664
289 1383.5990072485781 54.58333333333333
290 1382.0954510288254 54.75
291 1380.4891093477847 54.75
292 1378.774860184182 54.833333333333336
293 1376.999747380904 54.91666666666667
294 1375.1512819311663 54.91666666666667
295 1373.2001501427073 55.08333333333333
296 1371.2579447946032 55.08333333333333
297 1369.2262269716787 55.08333333333333
298 1366.8299657679302 55.50000000000001
299 1364.2201309841264 55.666666666666664
300 1361.6514231436327 55.833333333333336
301 1359.8847399047022 55.91666666666667
302 1357.9928397699373 55.91666666666667
303 1355.8734093743074 56.08333333333333
304 1354.2942711964515 56.333333333333336
305 1353.0083183647412 56.91666666666667
306 1351.8269175824923 56.99999999999999
307 1350.7135605130554 57.08333333333333
308 1349.6294946260095 57.25
309 1348.5507793897627 57.333333333333336
310 1347.4489731171216 57.41666666666667
311 1346.2825879552922 57.58333333333333
312 1344.9812842116066 57.58333333333333
313 1343.6576875049616 57.75
314 1342.5040155895424 57.75
315 1341.346904188136 57.833333333333336
316 1340.119751269486 57.833333333333336
317 1338.8865664099505 57.91666666666667
318 1337.7460110750328 57.99999999999999
319 1336.66296196417 58.08333333333333
320 1335.5991270556406 58.08333333333333
321 1334.548751725207 58.166666666666664
322 1333.4988359619997 58.166666666666664
323 1332.4365497892925 58.25
324 1331.3359947535184 58.416666666666664
325 1330.1621145638683 58.416666666666664
326 1328.8463264209217 58.416666666666664
327 1327.224537830779 58.5
328 1324.9642949335596 58.5
329 1323.2393249864072 58.5
330 1321.8888473545699 58.5
331 1320.4176624803554 58.58333333333333
332 1318.409696262473 58.333333333333336
333 1315.6587785291506 58.75
334 1314.0184485048046 58.75
335 1312.3162035957419 59.166666666666664
336 1310.8161298824873 58.916666666666664
337 1309.2334837263293 59.333333333333336
338 1306.8861272921204 59.5
339 1305.0299469277388 59.416666666666664
340 1303.5357152164095 59.08333333333333
341 1301.8723728956156 59.5
342 1299.4297214164008 59.66666666666667
343 1296.9574064013166 59.75
344 1294.8901127038207 59.75
345 1293.5592115696284 60.0
346 1292.3846613464884 60.0
347 1291.2196639671624 60.0
348 1290.0573279313428 60.0
349 1288.872863688024 60.0
350 1287.6676384325124 60.0
351 1286.4562267787496 59.916666666666664
352 1285.2694265235787 60.0
353 1284.1125282929297 60.16666666666667
354 1282.9433256799016 60.416666666666664
355 1281.730962546872 60.5
356 1280.4490772656404 60.5
357 1279.0852795240312 60.583333333333336
358 1277.4374171340376 60.66666666666667
359 1274.934847363049 60.75000000000001
360 1273.4467759687977 60.66666666666667
361 1272.226441468214 60.66666666666667
362 1271.0809556609847 60.83333333333333
363 1269.9395848575614 60.916666666666664
364 1268.8412287501462 60.916666666666664
365 1267.7278992504107 60.916666666666664
366 1266.6405610423906 61.0
367 1265.566779920131 60.916666666666664
368 1264.4948353538773 60.916666666666664
369 1263.3970129068528 60.916666666666664
370 1262.2654617671653 60.916666666666664
371 1261.1215067628468 60.916666666666664
372 1259.8433201992939 61.0
373 1258.574941736821 61.0
374 1257.4395038562218 61.0
375 1256.3741723699234 61.0
376 1255.3425239135322 61.0
377 1254.3413970181882 61.0
378 1253.39130372946 61.083333333333336
379 1252.451899095381 61.083333333333336
380 1251.5635541902218 61.083333333333336
381 1250.636830183335 61.16666666666667
382 1249.6230968037728 61.25000000000001
383 1248.3829523367383 61.25000000000001
384 1247.3634781437797 61.16666666666667
385 1246.5016570277696 61.083333333333336
386 1245.6203984891547 61.0
387 1244.8859975873982 60.916666666666664
388 1243.924341188495 60.916666666666664
389 1242.9975781154367 60.916666666666664
390 1241.4207207521727 61.0
391 1240.3426698197177 61.16666666666667
392 1239.2519961733783 61.25000000000001
393 1238.3137500380915 61.416666666666664
394 1237.3083277963092 61.5
395 1236.7500641113547 61.5
396 1235.88534497244 61.66666666666667
397 1235.1170470176312 61.66666666666667
398 1234.1499390566505 61.66666666666667
399 1233.4509363511754 61.75000000000001
400 1232.3138343261276 61.916666666666664
401 1231.3209862274664 61.75000000000001
402 1230.2244510878345 62.0
403 1229.6900001981599 61.83333333333333
404 1228.6589259150521 62.083333333333336
405 1228.2231301797367 61.83333333333333
406 1227.345825850738 62.0
407 1227.5797522747246 61.83333333333333
408 1225.793726507945 62.083333333333336
409 1225.1006873266788 61.916666666666664
410 1224.5745428145678 62.083333333333336
411 1225.4090465176673 61.83333333333333
412 1222.916311894724 62.0
413 1221.5015737234346 62.0
414 1220.6792152263768 62.083333333333336
415 1219.8238569254522 62.083333333333336
416 1219.373243395977 62.0
417 1220.0985466519903 62.16666666666667
418 1218.2826665050777 62.083333333333336
419 1216.347172964026 62.33333333333333
420 1213.7457179958915 62.33333333333333
421 1211.5477220268024 62.66666666666667
422 1209.8201816140752 62.66666666666667
423 1208.6994649656142 62.583333333333336
424 1207.9123846423886 62.74999999999999
425 1207.2666040658085 62.66666666666667
426 1206.184031924745 62.916666666666664
427 1206.8342122762654 62.5
428 1204.6052720454234 62.66666666666667
429 1203.2880462426458 62.583333333333336
430 1203.1821321626562 62.74999999999999
431 1201.0157897530569 62.83333333333333
432 1199.595918747167 63.33333333333333
433 1198.6495746173655 63.33333333333333
434 1198.7032889716284 63.083333333333336
435 1198.7264332243603 63.16666666666667
436 1198.1845631421302 63.33333333333333
437 1197.4036998945255 63.416666666666664
438 1195.1978116676842 63.33333333333333
439 1195.5160663395798 63.16666666666667
440 1195.6098748684974 63.33333333333333
441 1196.4387127586915 63.083333333333336
442 1196.1112813486561 63.33333333333333
443 1194.0389256599626 63.5
444 1192.8092720135246 63.16666666666667
445 1191.4461023168817 63.16666666666667
446 1190.9537969900764 63.5
447 1191.0293292370613 63.33333333333333
448 1189.4772837423457 63.16666666666667
449 1189.2367901588486 63.416666666666664
450 1188.8478621531292 63.74999999999999
451 1185.898069075882 63.583333333333336
452 1183.9318689026247 63.74999999999999
453 1182.3623681901154 63.74999999999999
454 1181.4664511029196 63.66666666666667
455 1180.8615389704812 63.66666666666667
456 1179.0746212441222 63.66666666666667
457 1177.673983291577 63.583333333333336
458 1178.252200753048 63.66666666666667
459 1178.2068238150823 63.83333333333333
460 1178.4535775332095 64.0
461 1176.6418273106717 63.916666666666664
462 1174.9201006879462 63.83333333333333
463 1174.3614429023712 64.08333333333334
464 1174.4834274530042 64.16666666666667
465 1173.1245201086515 64.33333333333333
466 1171.197422158173 64.41666666666667
467 1170.0555403944384 64.33333333333333
468 1168.5714171656455 64.16666666666667
469 1166.6315830359981 64.33333333333333
470 1164.931239388357 64.58333333333334
471 1163.0739910359637 64.83333333333333
472 1162.9582733502937 64.58333333333334
473 1161.0534165255478 64.58333333333334
474 1157.3343606429007 64.75
475 1157.0031248280156 64.75
476 1155.8922065297202 64.91666666666667
477 1155.7971326825577 64.75
478 1156.661537058647 64.83333333333333
479 1157.9861810090772 64.66666666666666
480 1155.8374296981701 64.66666666666666
481 1156.0210697036002 64.58333333333334
482 1155.2225789631113 64.41666666666667
483 1156.9030771031303 64.5
484 1155.246456988188 64.58333333333334
485 1158.023121491063 64.33333333333333
486 1158.9259971766103 63.74999999999999
487 1154.781030018487 64.16666666666667
488 1153.1938740471523 64.5
489 1151.8374852694185 64.75
490 1153.8047146953343 64.75
491 1154.0483822721326 64.75
492 1149.0571393332777 65.0
493 1147.9976674515792 64.91666666666667
494 1146.1473778673765 64.83333333333333
495 1143.808323790206 65.16666666666666
496 1143.418047156519 65.25
497 1141.30975605644 65.25
498 1141.729417673181 65.25
499 1147.0285372387386 64.83333333333333
500 1149.5367592277391 64.58333333333334
501 1145.8750510247467 64.91666666666667
502 1141.747881709516 65.0
503 1144.1865479834385 65.08333333333334
504 1146.8256013423259 64.75
505 1152.4256587460163 64.25
506 1150.3830304549647 64.58333333333334
507 1144.798809885005 65.08333333333334
508 1140.7696717622293 65.25
509 1140.824548158244 65.33333333333333
510 1139.8724332156537 65.25
511 1136.1476398178052 65.33333333333333
512 1135.392835933926 65.5
513 1136.1663464502535 65.41666666666667
514 1140.219827629444 64.91666666666667
515 1139.0916334344647 64.91666666666667
516 1138.8257482572787 65.16666666666666
517 1136.586485492511 65.25
518 1137.7936214461731 65.16666666666666
519 1135.7286202857736 65.0
520 1135.1351855427163 65.08333333333334
521 1139.0788020416517 64.83333333333333
522 1151.4839210992236 64.25
523 1142.2273772776741 65.08333333333334
524 1137.0183429296912 65.41666666666667
525 1133.4978795323407 65.25
526 1129.939746960153 65.41666666666667
527 1128.5505006373296 65.25
528 1127.7965635219452 65.83333333333333
529 1127.1236851241972 65.75
530 1125.9838120292573 65.5
531 1124.2405139967389 65.58333333333334
532 1127.700852547073 65.5
533 1129.0572483689746 65.08333333333334
534 1133.5819887050025 65.0
535 1132.3862571309346 65.33333333333333
536 1129.286321526539 65.33333333333333
537 1125.3442697552564 65.58333333333334
538 1121.9449719048182 65.75
539 1117.6192174493497 65.58333333333334
540 1116.1874574808232 65.41666666666667
541 1116.0700853159146 65.58333333333334
542 1113.9354010903241 65.66666666666666
543 1118.0340002716168 65.75
544 1116.790512729803 65.41666666666667
545 1113.0168512813561 65.75
546 1110.7661164549365 65.83333333333333
547 1110.8723191026986 65.91666666666667
548 1111.0768304556732 66.33333333333333
549 1110.9734201862655 66.33333333333333
550 1107.6757122579158 66.66666666666666
551 1105.9747680837809 66.75
552 1105.5107421102948 66.33333333333333
553 1102.7210688701764 66.58333333333334
554 1102.0985595585487 66.91666666666667
555 1103.0566280802875 66.75
556 1103.0851174138422 66.66666666666666
557 1103.9446385525016 66.58333333333334
558 1107.5179067972008 66.58333333333334
559 1108.42689385141 66.58333333333334
560 1105.12772452024 66.58333333333334
561 1102.8574129150686 67.25
562 1102.0751890339498 67.25
563 1104.479127284424 67.25
564 1105.5758486462378 66.66666666666666
565 1110.9033155108393 66.58333333333334
566 1109.9472528322133 66.75
567 1107.2878639163791 66.33333333333333
568 1108.1173359214722 66.41666666666667
569 1104.6485557922442 66.66666666666666
570 1104.6671260720584 66.66666666666666
571 1100.9700807098006 66.66666666666666
572 1102.4656584737618 66.75
573 1102.8446250250104 66.5
574 1103.2598878414933 66.33333333333333
575 1110.1812939954232 65.91666666666667
576 1113.4128312685962 66.0
577 1104.3812478730608 66.16666666666666
578 1104.3076412277399 66.16666666666666
579 1103.06110385905 66.66666666666666
580 1103.4380655326604 66.33333333333333
581 1101.3559115240807 66.58333333333334
582 1098.6962652171628 66.66666666666666
583 1095.8706187453113 66.58333333333334
584 1094.7811385907473 66.33333333333333
585 1090.6648028876855 66.58333333333334
586 1088.5985132874682 67.25
587 1086.5637289647782 67.08333333333333
588 1085.1207002786937 67.33333333333333
589 1085.8683036049997 67.25
590 1084.2229163609763 67.58333333333333
591 1084.3048706041861 67.33333333333333
592 1084.7897167497733 67.16666666666666
593 1085.1293009644176 67.16666666666666
594 1084.8927292098097 67.33333333333333
595 1088.7020912112976 67.33333333333333
596 1090.2510717201963 67.25
597 1085.8088178051657 67.25
598 1084.56928159983 67.33333333333333
599 1083.1023829516296 67.16666666666666
600 1082.0463032107305 67.33333333333333
601 1081.207760675101 67.25
602 1079.8432071358902 67.16666666666666
603 1080.008793738868 67.16666666666666
604 1080.0886480842948 67.5
605 1081.121686220364 67.75
606 1084.4208252855437 67.25
607 1081.986527006991 67.5
608 1072.8898652606656 67.16666666666666
609 1072.0585458233754 67.58333333333333
610 1076.4785229331428 67.08333333333333
611 1074.6454830240962 67.41666666666667
612 1072.0234744735396 67.25
613 1066.9904757207512 67.91666666666667
614 1066.066061864662 67.75
615 1065.9797057059263 67.91666666666667
616 1066.9116518790283 67.75
617 1064.8821187503888 68.0
618 1065.7513534621985 67.58333333333333
619 1067.8793925076336 68.08333333333333
620 1069.2306432625808 67.83333333333333
621 1071.2593312925771 67.66666666666666
622 1069.726080906241 67.75
623 1071.7069490405754 67.83333333333333
624 1067.09393151844 67.75
625 1070.353418159824 68.08333333333333
626 1069.1220851303217 67.5
627 1067.0036304854893 67.58333333333333
628 1063.18331636148 68.08333333333333
629 1063.9038946303642 68.08333333333333
630 1064.3468129965845 68.5
631 1062.4454073295935 68.5
632 1063.9814988685505 68.25
633 1065.0735194940564 68.5
634 1063.3193902491778 68.41666666666667
635 1059.3195518143746 68.66666666666667
636 1058.2501133191995 68.41666666666667
637 1055.6846041547426 68.33333333333333
638 1055.5028989507111 68.25
639 1053.2206625289384 68.5
640 1053.916847113882 68.41666666666667
641 1064.6486668670732 68.16666666666666
642 1081.6890201010567 67.58333333333333
643 1075.5168331410734 67.83333333333333
644 1067.6866710276158 68.41666666666667
645 1073.3246570280414 67.41666666666667
646 1068.089825763614 67.91666666666667
647 1064.2203527320567 68.25
648 1065.0377967596282 68.25
649 1060.9089239680347 68.41666666666667
650 1059.7517608547964 68.41666666666667
651 1057.381433221189 68.33333333333333
652 1057.3155461181425 68.5
653 1058.6889439472413 68.33333333333333
654 1058.2905911718228 68.5
655 1057.83155961398 68.58333333333333
656 1066.502633740388 68.16666666666666
657 1066.5827567835006 67.83333333333333
658 1080.399112326669 67.91666666666667
659 1084.8655504040314 67.41666666666667
660 1083.5631519476833 67.91666666666667
661 1073.3844670448532 67.66666666666666
662 1068.732001694085 68.08333333333333
663 1062.0020818047904 67.91666666666667
664 1058.134589562095 68.16666666666666
665 1057.2672506695142 68.0
666 1056.3883775458537 68.16666666666666
667 1056.9250057782479 68.08333333333333
668 1057.548808198512 68.41666666666667
669 1055.272521421646 68.33333333333333
670 1053.80959439081 68.66666666666667
671 1051.6473126246544 68.58333333333333
672 1048.3081496696418 69.0
673 1046.8033342084882 68.83333333333333
674 1045.0377731175095 69.08333333333333
675 1042.5193422472016 69.25
676 1042.4760020984406 68.91666666666667
677 1040.1260030692747 69.08333333333333
678 1040.9859261034067 69.16666666666667
679 1038.8764268652467 69.08333333333333
680 1042.58665109755 69.25
681 1039.041948390652 69.08333333333333
682 1040.0798190153153 69.08333333333333
683 1038.3904997788354 69.33333333333334
684 1037.7514215269157 69.25
685 1037.6460580676858 68.75
686 1036.8282757909074 69.33333333333334
687 1034.2398239229908 69.5
688 1037.299406786765 69.41666666666667
689 1035.9496193081175 69.58333333333333
690 1034.4244179933273 69.58333333333333
691 1031.6664182957215 69.75
692 1032.314845977746 69.58333333333333
693 1030.9764862291968 69.66666666666667
694 1028.813509488741 69.83333333333334
695 1025.5271760714581 70.25
696 1025.2502088773558 70.25
697 1023.0549998826086 70.41666666666667
698 1028.9041790530111 70.41666666666667
699 1030.5110315724653 70.25
700 1035.6044448197135 69.5
701 1033.185299405578 70.16666666666667
702 1038.8028541182214 69.25
703 1048.8285850272378 69.08333333333333
704 1058.744325447438 69.0
705 1065.252582011483 68.16666666666666
706 1068.0633737150374 68.08333333333333
707 1052.6176233143578 68.83333333333333
708 1047.0654350614655 69.08333333333333
709 1039.3546462085396 69.08333333333333
710 1032.6135052007965 69.75
711 1029.53055475365 69.83333333333334
712 1029.929173089257 69.66666666666667
713 1033.315878106971 69.91666666666667
714 1032.5780147869589 69.58333333333333
715 1027.8668290872647 70.16666666666667
716 1025.8601093744512 69.66666666666667
717 1023.5111519455172 70.33333333333334
718 1023.8502500136392 70.08333333333333
719 1021.819231055079 70.16666666666667
720 1021.416652088025 70.33333333333334
721 1016.8957777238693 70.5
722 1014.1552011749137 70.33333333333334
723 1012.2600264965364 70.5
724 1013.4869650127547 70.66666666666667
725 1013.7428883625375 70.25
726 1017.9403332300867 70.33333333333334
727 1020.9182515723984 70.0
728 1019.7513313598514 70.33333333333334
729 1013.8374362567832 70.41666666666667
730 1012.0638111171667 70.41666666666667
731 1011.156302571505 70.58333333333333
732 1012.001289723402 70.5
733 1008.3105199450412 70.0
734 1008.6746299901349 70.33333333333334
735 1004.4349750721038 70.25
736 1001.8204384991551 70.75
737 1000.8959229862124 70.5
738 1000.976690445763 70.5
739 998.7614156584079 70.75
740 999.2057590039425 70.91666666666666
741 998.8474665752939 70.66666666666667
742 1004.4919980943052 70.75
743 1001.4554891279046 70.66666666666667
744 1012.4092543616533 70.08333333333333
745 1035.4070042663518 69.16666666666667
746 1044.2333549468672 69.0
747 1045.379329181361 68.83333333333333
748 1028.436306675671 69.58333333333333
749 1023.9626133274712 69.58333333333333
750 1024.1966503723315 69.91666666666667
751 1036.9803746245411 69.16666666666667
752 1022.5257928176499 70.0
753 1027.9800941289363 69.25
754 1025.957274378979 69.33333333333334
755 1020.459187347102 69.58333333333333
756 1015.3996520806434 69.66666666666667
757 1013.025485459037 70.0
758 1010.8091809740639 70.16666666666667
759 1009.6606402783414 70.16666666666667
760 1007.4815843919023 70.16666666666667
761 1005.826159080063 70.08333333333333
762 1037.0848677493625 69.16666666666667
763 1035.4464795525882 69.5
764 1021.571852723244 69.58333333333333
765 1016.297309750688 70.0
766 1012.4198960450642 70.0
767 1008.0464311119234 70.33333333333334
768 1006.0065359662483 70.25
769 1005.6768792778869 70.16666666666667
770 1000.9668346497793 70.33333333333334
771 999.7079917536372 70.5
772 1003.7647258413473 70.16666666666667
773 1006.2332536386426 70.5
774 1003.6575202348672 70.58333333333333
775 1000.1688313283497 70.91666666666666
776 1000.6456180183919 70.75
777 1000.3571963126753 70.5
778 998.4172034139805 70.58333333333333
779 996.2978687190232 70.58333333333333
780 995.6864488501292 70.75
781 992.4040738279109 70.91666666666666
782 991.5348312227717 70.83333333333334
783 990.7350523127128 70.91666666666666
784 995.0508340518056 70.66666666666667
785 1002.211686280244 70.83333333333334
786 1009.081749764616 70.33333333333334
787 1020.5458811418409 69.75
788 1032.5615225181314 69.58333333333333
789 1021.8904612931797 69.08333333333333
790 1015.9185423693699 69.41666666666667
791 1016.0532232928201 69.58333333333333
792 1017.8517753082788 69.91666666666667
793 1011.228205570943 70.08333333333333
794 1015.158538204451 69.75
795 1037.8611655651346 68.75
796 1042.0586794085386 69.25
797 1029.5179691499925 69.58333333333333
798 1021.2933378521943 69.75
799 1014.7770075569813 70.25
800 1010.1830011366987 70.5
801 1004.2764163626817 70.58333333333333
802 1001.3082142042624 70.66666666666667
803 997.0627433156865 70.66666666666667
804 996.3338540938898 70.58333333333333
805 997.3461904500052 70.66666666666667
806 1000.1150757662753 70.5
807 1011.2247969520442 70.25
808 1015.7595163470886 69.75
809 1013.2774068652622 70.0
810 1003.9166571934334 70.25
811 996.9947850112131 70.58333333333333
812 995.1239960012284 70.66666666666667
813 993.0737752281802 70.41666666666667
814 990.0830570142487 70.58333333333333
815 991.0111743685238 70.41666666666667
816 989.4514237538293 70.58333333333333
817 985.3740879279693 70.75
818 983.713254440898 70.58333333333333
819 985.7516286058797 70.58333333333333
820 982.8204030864274 70.83333333333334
821 983.2481387989761 70.75
822 988.1448636560755 70.66666666666667
823 988.5529964767234 70.25
824 986.9763173118721 70.5
825 993.1127748912326 70.25
826 994.8119885036457 70.5
827 989.3558956480058 70.5
828 987.383478118509 70.25
829 985.3084799007538 70.58333333333333
830 981.5782331463334 70.91666666666666
831 982.1812708400174 70.91666666666666
832 982.5349062021805 70.91666666666666
833 982.184788966551 70.66666666666667
834 977.3186092412278 71.08333333333333
835 977.8887221971848 70.75
836 978.3016098260715 70.83333333333334
837 980.2617673873851 71.0
838 993.1659781619625 70.16666666666667
839 1018.7853441533415 69.5
840 1023.3967952122262 69.25
841 1013.6149417988498 69.66666666666667
842 1032.7749830225907 68.75
843 1021.1613726307538 69.66666666666667
844 1013.7012695716353 70.0
845 1004.4218070320579 70.08333333333333
846 999.1876718350178 70.41666666666667
847 992.3994244467757 70.5
848 986.583061118546 70.91666666666666
849 985.4358638873908 71.16666666666667
850 985.5081696542298 70.91666666666666
851 988.0446031796129 71.0
852 988.6600407342745 71.08333333333333
853 985.7857953429814 71.08333333333333
854 983.4792419947486 71.25
855 990.445452183793 71.16666666666667
856 985.3513913309342 71.16666666666667
857 984.6950958836021 70.91666666666666
858 983.8856572734238 71.0
859 984.6116051228757 71.08333333333333
860 981.2456294630056 71.08333333333333
861 980.1385144160496 70.91666666666666
862 977.8533447565698 71.25
863 974.4939135286933 71.5
864 974.3080755800906 71.33333333333334
865 971.985652984697 71.5
866 968.0471384358655 71.25
867 969.3352257315679 70.83333333333334
868 968.8057891229192 71.08333333333333
869 965.6858379401428 71.33333333333334
870 981.825080762367 70.33333333333334
871 1011.8291992720876 69.5
872 1024.5959728955165 69.08333333333333
873 1002.8830994928242 70.08333333333333
874 998.4893338083707 69.58333333333333
875 989.2300919285428 70.08333333333333
876 982.9245981292403 70.41666666666667
877 979.4070603333353 70.75
878 978.2091704369733 70.75
879 974.9249777784827 70.91666666666666
880 974.8843643263593 70.83333333333334
881 971.4832549606754 71.41666666666666
882 972.5962819767939 71.5
883 970.3706453135513 71.41666666666666
884 972.4519472952726 70.91666666666666
885 973.9825428262038 70.5
886 977.1720287388719 70.33333333333334
887 972.4265447463148 70.91666666666666
888 968.26582582089 70.91666666666666
889 965.2411530022374 71.08333333333333
890 967.5184164890532 71.08333333333333
891 971.6407761639163 71.0
892 969.4143196158257 71.41666666666666
893 972.0506063593089 71.25
894 986.5553952476362 70.58333333333333
895 1005.6027100835439 69.75
896 991.8902407963897 70.5
897 1002.4026525529963 70.25
898 989.1186351609653 71.0
899 980.8128290346776 71.25
900 976.3749774960961 70.83333333333334
901 977.8797083145557 70.25
902 975.4607343513204 70.66666666666667
903 972.0318150964326 71.08333333333333
904 967.3808829401227 71.41666666666666
905 965.1617685054503 71.33333333333334
906 965.4616557460704 71.25
907 965.392943024158 71.16666666666667
908 961.4613850454525 70.83333333333334
909 961.451599204727 71.0
910 962.5654736205323 70.58333333333333
911 959.0184094732853 70.83333333333334
912 962.121559359273 71.0
913 963.2579594834993 71.33333333333334
914 960.0317921799884 71.25
915 960.737781114555 71.41666666666666
916 976.9295807378385 70.83333333333334
917 967.6281256966602 71.25
918 960.0499290832873 71.0
919 957.1859141667231 71.08333333333333
920 957.3783239290713 71.25
921 959.8791886127096 70.91666666666666
922 961.8976040982085 70.75
923 961.8571702687577 70.91666666666666
924 960.380035829625 70.91666666666666
925 956.8963541776939 70.83333333333334
926 957.6682391204107 71.0
927 971.093129630138 70.66666666666667
928 980.3546103895047 70.25
929 974.1550320801346 70.83333333333334
930 969.0697605042536 70.66666666666667
931 965.1796511445666 70.83333333333334
932 958.0896391177364 71.33333333333334
933 961.2678380474363 71.08333333333333
934 956.2269143375031 71.41666666666666
935 951.7302367437986 71.5
936 951.8984746304324 71.5
937 954.2235703500356 71.91666666666666
938 966.3861101885694 70.83333333333334
939 999.8187323339289 69.58333333333333
940 1015.8030993359471 69.33333333333334
941 1006.0406469700339 69.5
942 986.5343987326567 69.83333333333334
943 982.8115657103839 70.16666666666667
944 977.2680708731519 71.08333333333333
945 967.3501689236963 71.33333333333334
946 965.2584504669071 71.08333333333333
947 960.5395557702824 71.25
948 956.3424679142856 71.41666666666666
949 965.0407958840449 71.0
950 970.8775333462435 71.0
951 962.7039676599704 71.25
952 975.6233214611665 71.0
953 978.2721932257055 70.91666666666666
954 973.323789054276 71.0
955 962.9323131509445 71.25
956 957.729819596292 71.5
957 955.4341677577439 71.5
958 952.7207014552475 71.91666666666666
959 950.0155512904215 72.25
960 950.4627256885931 72.16666666666667
961 949.56248122042 71.83333333333334
962 953.5364631221248 71.58333333333333
963 949.0821536606722 71.83333333333334
964 948.844120753095 71.25
965 946.344030471506 71.16666666666667
966 943.3639570418634 71.41666666666666
967 940.946585562838 71.58333333333333
968 941.9028557718877 71.33333333333334
969 941.4648403312517 71.33333333333334
970 940.3832362455197 71.25
971 948.9877342273785 71.08333333333333
972 952.3452149351699 70.58333333333333
973 945.973183924265 71.08333333333333
974 942.0701067737939 71.0
975 939.0522085409972 71.16666666666667
976 936.7665237243309 71.41666666666666
977 945.0821775996735 71.0
978 984.676288862006 70.08333333333333
979 993.4906847792585 70.16666666666667
980 989.659818640596 70.08333333333333
981 977.9513133150721 70.5
982 966.6453753711968 71.16666666666667
983 957.9181347805143 71.16666666666667
984 950.0623436372898 71.25
985 947.0438670609065 71.66666666666667
986 947.7049254610072 71.41666666666666
987 945.0034190849619 71.75
988 941.3029811491444 72.16666666666667
989 938.555298303537 71.91666666666666
990 936.6254627976176 71.91666666666666
991 935.0099270879524 71.75
992 936.1201234069827 71.66666666666667
993 937.0587126198291 72.16666666666667
994 935.3754427219623 72.0
995 931.8239043796375 72.5
996 931.6229383684034 72.0
997 931.2878228063942 72.16666666666667
998 927.1383228717737 72.33333333333334
999 926.7755450119797 72.66666666666667
1000 926.9474268394332 72.58333333333333
1001 925.6990254889764 72.83333333333334
1002 923.928781139953 72.83333333333334
1003 925.5480372307742 72.5
1004 924.0339190880751 72.33333333333334
1005 924.4961860132694 72.16666666666667
1006 917.686720963928 72.83333333333334
1007 915.1941773202025 72.91666666666666
1008 915.6429197077815 73.16666666666667
1009 952.4046802962625 71.91666666666666
1010 980.5094343303214 70.91666666666666
1011 979.4687670009487 71.08333333333333
1012 996.4864464317665 70.83333333333334
1013 977.1826706809634 71.08333333333333
1014 973.0439189518047 71.5
1015 970.0010064524646 71.83333333333334
1016 954.6866952161713 71.83333333333334
1017 945.3275487943704 72.08333333333333
1018 941.1097516208155 71.83333333333334
1019 939.14209568638 72.16666666666667
1020 934.3101581895901 72.5
1021 928.6804828635894 72.41666666666666
1022 925.7958526646229 72.83333333333334
1023 925.060104553321 72.75
1024 920.476984687147 72.83333333333334
1025 921.4249821732288 73.0
1026 920.7638615424523 73.0
1027 918.8433531894898 72.83333333333334
1028 925.980401050779 72.66666666666667
1029 941.7117408972086 71.91666666666666
1030 995.0231863207241 70.66666666666667
1031 982.5943195293956 70.83333333333334
1032 982.2261581388548 70.58333333333333
1033 977.3929636002415 70.91666666666666
1034 962.1204302870806 71.25
1035 953.4835142716436 72.16666666666667
1036 944.8559145251324 72.25
1037 943.9076220961724 72.16666666666667
1038 939.2199973719923 72.0
1039 934.3942881962987 72.25
1040 939.6276560306941 71.75
1041 949.2356005797385 71.75
1042 947.0887100366242 71.66666666666667
1043 942.944178768362 72.16666666666667
1044 940.248284134255 71.91666666666666
1045 934.6003869059836 72.25
1046 932.1450130020892 72.25
1047 929.9939782298941 72.41666666666666
1048 927.9752712541607 72.58333333333333
1049 926.8929589952903 72.33333333333334
1050 925.3804699454163 72.25
1051 923.3970449542298 72.75
1052 922.1032870951077 72.41666666666666
1053 920.1007150118438 72.75
1054 919.2356839324502 72.58333333333333
1055 922.7122644510838 72.66666666666667
1056 921.7584889677491 72.66666666666667
1057 920.6408292725976 72.66666666666667
1058 916.4605994735062 72.58333333333333
1059 915.3261276153019 73.0
1060 919.4218848814857 72.83333333333334
1061 919.5434979296393 72.5
1062 917.7024921231314 72.58333333333333
1063 916.8854289309227 72.83333333333334
1064 944.2280535516031 71.58333333333333
1065 1020.7215438807907 70.16666666666667
1066 992.7326147941869 70.75
1067 975.4787900152966 71.33333333333334
1068 958.3141214599473 71.75
1069 953.8391058578976 71.75
1070 953.026944388344 72.41666666666666
1071 945.3171881330275 72.16666666666667
1072 938.5017980961055 72.0
1073 935.0666420367826 72.16666666666667
1074 951.1907121032023 71.58333333333333
1075 962.7997881222714 71.25
1076 947.5474674531378 71.83333333333334
1077 940.5563680605492 72.08333333333333
1078 936.118063737428 72.16666666666667
1079 934.3725543026687 72.08333333333333
1080 949.4973216319829 71.5
1081 968.2809841091145 71.25
1082 958.1579955797903 71.41666666666666
1083 954.6509541869973 71.25
1084 965.1466448716328 71.0
1085 957.3219059376939 71.16666666666667
1086 953.0534763568174 71.16666666666667
1087 948.4595595123923 71.41666666666666
1088 944.3800289643218 71.75
1089 939.7371886545335 72.0
1090 933.3176365684626 72.25
1091 936.4796984373702 72.41666666666666
1092 935.7319263042525 72.5
1093 930.3040135453407 72.91666666666666
1094 929.6938714008579 72.83333333333334
1095 929.735427216378 72.91666666666666
1096 929.4346208088834 72.5
1097 930.2147359398383 72.5
1098 928.0786342969985 72.75
1099 926.1117742610476 72.91666666666666
1100 923.4973643695342 73.16666666666667
1101 920.1682454563733 73.0
1102 917.2974233707772 73.08333333333333
1103 917.8502307976153 72.91666666666666
1104 916.2262060564053 73.33333333333333
1105 912.8874074149443 73.0
1106 915.7251035140531 73.33333333333333
1107 919.5989988824773 73.08333333333333
1108 953.9174837980979 71.66666666666667
1109 969.5921295981213 71.0
1110 964.0189965510131 71.08333333333333
1111 963.1343565347603 71.75
1112 962.8309725504625 71.33333333333334
1113 965.5421829322387 71.5
1114 961.465141642357 71.16666666666667
1115 947.4211021122484 72.16666666666667
1116 941.3916214898215 72.08333333333333
1117 934.5587562295271 72.25
1118 928.0266001571933 72.33333333333334
1119 926.3692476459087 72.75
1120 924.5248482283699 73.08333333333333
1121 921.5870969804917 73.0
1122 927.1573335715027 72.33333333333334
1123 923.9532944542202 72.41666666666666
1124 920.3988302514967 72.66666666666667
1125 914.1932553414999 73.16666666666667
1126 913.6499474902105 72.91666666666666
1127 916.72099496354 73.0
1128 916.7500652567999 72.66666666666667
1129 912.7037285323273 73.0
1130 912.9784429922789 73.33333333333333
1131 916.8028693020152 72.91666666666666
1132 916.5015707590355 72.91666666666666
1133 912.6339409892342 73.25
1134 918.4437197328315 72.66666666666667
1135 921.7795871585591 72.58333333333333
1136 922.8516636286357 72.5
1137 917.972469966611 73.0
1138 918.399580735025 72.66666666666667
1139 915.7278700317336 73.33333333333333
1140 912.5720000961134 73.0
1141 912.2785112310368 73.08333333333333
1142 913.8297169647545 72.83333333333334
1143 911.0506632854216 73.33333333333333
1144 908.9737228760199 73.33333333333333
1145 909.2194593813917 73.08333333333333
1146 911.3191728371968 73.08333333333333
1147 906.8849877719638 73.41666666666666
1148 905.7385755340888 73.41666666666666
1149 930.3149348093286 72.25
1150 976.29238289995 70.75
1151 983.4239548011707 70.91666666666666
1152 977.9917370383115 70.25
1153 971.3303561402563 70.33333333333334
1154 969.7855578657548 70.16666666666667
1155 961.7443139662306 71.5
1156 955.6570582608218 71.91666666666666
1157 946.6993623008924 72.58333333333333
1158 950.7067810048218 72.16666666666667
1159 948.6001397523594 72.25
1160 939.094031934422 72.0
1161 934.1450429032975 72.16666666666667
1162 934.3965343154574 72.25
1163 930.5819113433193 72.83333333333334
1164 930.71154859839 72.58333333333333
1165 926.6158648869033 72.66666666666667
1166 919.8510027220766 72.83333333333334
1167 917.9741352171832 73.08333333333333
1168 916.0594440033376 72.66666666666667
1169 916.7397773010532 73.0
1170 922.2904087831106 72.41666666666666
1171 920.2249419520883 72.83333333333334
1172 918.804423572867 72.66666666666667
1173 916.972953577769 72.58333333333333
1174 925.4434886781942 72.5
1175 929.8976966468589 72.75
1176 921.7302199381032 72.91666666666666
1177 920.782256905491 72.83333333333334
1178 924.3189310333742 72.66666666666667
1179 923.7445317846864 72.75
1180 914.3506924870255 73.58333333333333
1181 908.2639172293709 73.66666666666667
1182 907.5735953893816 73.91666666666666
1183 906.7616909734201 73.41666666666666
1184 906.3594948282495 74.33333333333333
1185 904.1429580656223 74.16666666666667
1186 923.0821370388201 73.75
1187 947.5287564241082 72.5
1188 990.7827403546661 71.25
1189 956.8008600494596 72.5
1190 952.6464270674745 72.91666666666666
1191 937.2992713079227 72.66666666666667
1192 928.776525799784 72.75
1193 924.4806595893577 73.08333333333333
1194 923.0152122612931 73.25
1195 921.6777838243474 73.16666666666667
1196 921.6668816132585 73.16666666666667
1197 917.9131234607784 73.58333333333333
1198 916.9475788379217 73.25
1199 913.3325768576126 73.66666666666667
1200 913.0547637009324 73.75
1201 916.8562649975813 73.83333333333333
1202 917.279955743775 73.83333333333333
1203 917.7226552167313 73.66666666666667
1204 911.7315580262124 73.75
1205 912.0517629052583 73.58333333333333
1206 909.4498816630438 73.33333333333333
1207 911.3811881380693 73.33333333333333
1208 909.2739724377223 73.5
1209 910.7854189678394 73.75
1210 907.6153643911306 73.58333333333333
1211 907.9204155259076 73.41666666666666
1212 904.7698609203941 73.83333333333333
1213 916.111190083366 73.0
1214 910.9348890629299 73.66666666666667
1215 907.5316593014788 73.5
1216 907.9476603716475 73.25
1217 909.6237368653296 72.66666666666667
1218 915.5644296803939 72.91666666666666
1219 909.7253906323381 73.08333333333333
1220 910.861363825949 73.25
1221 914.6037028678787 73.16666666666667
1222 915.1644959459786 73.5
1223 915.142985029483 73.25
1224 938.3208974645116 72.41666666666666
1225 923.1785202153656 73.41666666666666
1226 917.9971379937451 73.33333333333333
1227 911.7428552228592 73.33333333333333
1228 905.606147129786 73.5
1229 903.8055127635818 73.83333333333333
1230 905.9511362195918 73.5
1231 914.3592244992279 73.16666666666667
1232 904.9063899020779 73.41666666666666
1233 902.4170074732923 73.33333333333333
1234 900.2517323101226 73.16666666666667
1235 902.7902625086106 73.75
1236 902.5902142207167 73.91666666666666
1237 897.4177150825716 73.75
1238 898.1131754762862 73.75
1239 904.9283010987838 73.16666666666667
1240 899.1425094983899 73.91666666666666
1241 897.1377153331542 73.5
1242 895.5255573650085 73.91666666666666
1243 893.0060294102508 73.66666666666667
1244 894.7284834406767 73.58333333333333
1245 894.8246578714505 73.5
1246 898.5233214149757 72.83333333333334
1247 899.0612554984514 72.75
1248 900.9184310854945 72.58333333333333
1249 894.0804126216278 73.16666666666667
1250 895.6602218901337 73.16666666666667
1251 899.9327480676176 72.83333333333334
1252 913.041073639697 73.16666666666667
1253 910.3205609651151 72.41666666666666
1254 904.894701593369 73.08333333333333
1255 910.3585189202378 73.0
1256 940.0204653906422 72.25
1257 955.7605167581041 71.16666666666667
1258 962.6521988031825 71.33333333333334
1259 933.7427396676613 71.91666666666666
1260 930.8004060517693 73.08333333333333
1261 936.0102073973353 72.66666666666667
1262 931.2838608531152 72.25
1263 925.6623843395352 72.25
1264 916.3613533517856 72.66666666666667
1265 913.2347196852307 72.41666666666666
1266 912.9548142405754 72.5
1267 916.8627811403175 72.83333333333334
1268 910.8828081415116 73.0
1269 904.3389009498887 73.83333333333333
1270 904.1329948332148 73.25
1271 900.2311373436206 73.16666666666667
1272 899.729123129903 73.33333333333333
1273 903.6513908186662 73.75
1274 899.2982443359417 73.66666666666667
1275 903.7597044248495 73.25
1276 906.7681562997695 73.0
1277 910.5407638514072 72.58333333333333
1278 901.0776790280886 72.91666666666666
1279 904.1218696305086 72.83333333333334
1280 910.1802025748297 72.16666666666667
1281 905.3167730485109 72.91666666666666
1282 900.1292585929648 73.08333333333333
1283 894.3706495627607 73.41666666666666
1284 894.553330880268 73.66666666666667
1285 894.4627457191768 73.58333333333333
1286 893.8640402953091 73.5
1287 900.7899554886583 73.0
1288 898.7852264118281 72.91666666666666
1289 896.203739656164 73.58333333333333
1290 895.758991625496 73.25
1291 896.4203887451728 73.66666666666667
1292 894.6179228981761 73.41666666666666
1293 894.8199988030422 73.5
1294 931.3600578427913 72.0
1295 995.7576477462479 69.5
1296 1009.4777167112416 69.83333333333334
1297 968.1369869895915 70.58333333333333
1298 943.8968885940857 71.33333333333334
1299 925.1068292467503 71.58333333333333
1300 920.3442645899147 71.83333333333334
1301 925.7273357996285 71.75
1302 933.899241188139 71.75
1303 920.7604607317932 72.5
1304 914.2864240649677 72.33333333333334
1305 922.5121439713372 72.5
1306 917.7405736080954 72.08333333333333
1307 912.1368428980279 72.25
1308 906.3933908557157 72.75
1309 899.187746208776 73.0
1310 903.0917246288974 73.0
1311 902.1393826663854 73.41666666666666
1312 900.3510833365086 73.16666666666667
1313 906.1785066017834 73.66666666666667
1314 896.3610302837454 73.16666666666667
1315 894.2680423479328 74.16666666666667
1316 896.1769241355233 74.16666666666667
1317 890.972336598453 74.25
1318 887.7752220952754 74.41666666666666
1319 889.6139655416611 74.16666666666667
1320 892.3371687180539 74.08333333333333
1321 892.7750345344484 74.41666666666666
1322 890.5900246481965 73.91666666666666
1323 888.4422894220303 74.08333333333333
1324 883.6398221087999 74.16666666666667
1325 884.4848223716994 74.16666666666667
1326 887.8989402125886 74.08333333333333
1327 885.4125826081968 74.08333333333333
1328 879.6324291561581 74.5
1329 885.7528416846861 74.41666666666666
1330 885.2534703565209 74.08333333333333
1331 888.0673428538627 74.0
1332 888.321777190298 74.08333333333333
1333 879.7675829936177 74.5
1334 882.0830673584064 74.5
1335 879.5361643388375 74.5
1336 876.8759096594586 74.25
1337 876.358589979475 74.66666666666667
1338 932.8516082889106 72.41666666666666
1339 958.3224985981002 71.66666666666667
1340 967.5150829864988 71.91666666666666
1341 959.820335727634 72.0
1342 930.2969385347087 72.25
1343 928.9899832665334 72.91666666666666
1344 911.9059208153662 72.91666666666666
1345 903.9406015700637 72.91666666666666
1346 904.119161315422 73.08333333333333
1347 902.0546935250225 72.91666666666666
1348 895.6079776087583 73.5
1349 892.3745379213941 73.16666666666667
1350 892.1544205912973 73.58333333333333
1351 891.911493927348 73.91666666666666
1352 888.3270529753597 73.83333333333333
1353 885.2604681003929 74.16666666666667
1354 883.78344056066 74.41666666666666
1355 892.0827724042398 74.33333333333333
1356 890.7365913814247 74.16666666666667
1357 886.5961039638488 74.33333333333333
1358 885.2961023164266 74.58333333333333
1359 888.2633607346465 74.75
1360 886.568765567963 74.83333333333333
1361 883.2865578204944 74.58333333333333
1362 881.294985056726 74.83333333333333
1363 884.3704340566658 74.58333333333333
1364 884.3856232360354 74.83333333333333
1365 884.4654386588367 74.0
1366 884.3292678346305 74.83333333333333
1367 881.4846139323112 74.66666666666667
1368 877.9464035927593 74.91666666666667
1369 884.2971740011598 74.66666666666667
1370 883.0442421278086 74.66666666666667
1371 878.0478954313396 74.66666666666667
1372 877.447272315918 74.75
1373 882.9997207563048 74.08333333333333
1374 891.1392254849583 74.33333333333333
1375 890.597025304111 74.41666666666666
1376 882.158349313649 74.75
1377 879.8278495733839 74.33333333333333
1378 881.1989605649132 74.66666666666667
1379 883.9309442209889 74.41666666666666
1380 882.7329455737355 74.66666666666667
1381 878.1896889669 74.66666666666667
1382 883.1243111716744 74.83333333333333
1383 881.6552064257813 74.41666666666666
1384 884.262323319326 74.5
1385 880.024790115249 74.66666666666667
1386 878.5708922282927 74.75
1387 878.2033953896542 74.83333333333333
1388 881.2030652915169 74.58333333333333
1389 880.4304274628275 75.08333333333333
