0 1825.491288230451 33.416666666666664
1 1693.0693510071305 39.25
2 1621.1049714060005 45.33333333333333
3 1587.221408015364 46.0
4 1575.142731031363 45.916666666666664
5 1549.348567510746 48.5
6 1518.3815175272086 48.91666666666667
7 1555.2728371624967 48.25
8 1546.2278574241498 48.5
9 1512.5997721853373 50.416666666666664
10 1524.0126053566523 49.666666666666664
11 1500.8819238896237 51.66666666666667
12 1531.1037546046534 49.583333333333336
13 1511.2261866096374 50.5
14 1528.9360045365543 50.5
15 1522.3986892861524 50.083333333333336
16 1505.1431382479714 50.16666666666667
17 1515.9736576238759 48.41666666666667
18 1503.459296444536 52.166666666666664
19 1482.7931033438797 51.083333333333336
20 1479.9804198449026 50.33333333333333
21 1487.2575502504433 51.916666666666664
22 1469.7190214153413 53.75
