0 2026.488901236085 21.166666666666668
1 2002.7658902462474 21.25
2 1983.5820121025654 21.416666666666668
3 1967.7413859018204 21.916666666666668
4 1954.3128396123498 22.833333333333332
5 1942.620535161994 23.416666666666668
6 1932.1541858775156 24.416666666666668
7 1922.6882835898077 25.0
8 1913.9731435587512 25.75
9 1905.7294768986237 26.0
10 1897.7602264454524 26.25
11 1890.0518617527543 27.250000000000004
12 1882.66221692482 27.916666666666668
13 1875.4874471409748 27.916666666666668
14 1868.3590788995034 28.666666666666668
15 1861.3014238878518 29.166666666666668
16 1854.3677444591306 29.916666666666668
17 1847.488457395664 29.833333333333336
18 1840.5675439494728 30.75
19 1833.5517656144875 30.916666666666664
20 1826.5143295304422 32.166666666666664
21 1819.7125220558664 33.08333333333333
22 1812.9756714043488 33.416666666666664
23 1806.0402993987336 33.83333333333333
24 1799.0870031774134 33.916666666666664
25 1792.3496939062152 34.08333333333333
26 1785.7244614188703 34.25
27 1779.003046881063 34.91666666666667
28 1772.0015145799275 35.5
29 1764.6911025779975 35.5
30 1757.4517409405119 35.66666666666667
31 1750.4953746261076 35.16666666666667
32 1743.5736768349568 35.41666666666667
33 1736.44948263848 35.91666666666667
34 1729.0966497651332 36.5
35 1722.0417351536767 36.833333333333336
36 1715.0614866968024 37.083333333333336
37 1708.234642848622 37.416666666666664
38 1701.884840271745 37.833333333333336
39 1695.8169840938212 38.416666666666664
40 1689.3607668620198 38.75
41 1682.358844323156 38.916666666666664
42 1675.6151449258593 39.5
43 1669.1656673495002 39.75
44 1663.223233590907 40.25
45 1657.7935071895354 40.33333333333333
46 1652.3803982539403 40.583333333333336
47 1646.9015448098226 40.583333333333336
48 1641.405286981704 40.833333333333336
49 1635.8674960924916 41.0
50 1630.5962261680222 41.583333333333336
51 1625.2045325276792 41.66666666666667
52 1619.8529846620002 42.25
53 1615.0043314530058 42.16666666666667
54 1610.2660505935598 42.5
55 1605.2972933114104 42.5
56 1599.2527420993206 43.083333333333336
57 1592.3574933551583 43.083333333333336
58 1585.6069698377498 43.75
59 1580.2106080102844 43.583333333333336
60 1575.629050093304 43.416666666666664
61 1570.650701955981 43.666666666666664
62 1565.2623647874782 43.833333333333336
63 1560.759608437389 44.166666666666664
64 1556.4278469954056 44.333333333333336
65 1551.7599832831086 44.83333333333333
66 1547.42976584543 44.916666666666664
67 1542.9246188137959 44.75
68 1538.2883006776467 44.916666666666664
69 1534.1112370596106 45.08333333333333
70 1529.818915635312 45.166666666666664
71 1524.7750669715742 45.416666666666664
72 1520.6986432374056 45.416666666666664
73 1517.3428531419966 45.5
74 1513.9859345227196 45.08333333333333
75 1510.127270650855 45.5
76 1506.2306692984973 46.08333333333333
77 1502.3269692919425 46.166666666666664
78 1498.338745292144 46.33333333333333
79 1494.5644284451553 46.33333333333333
80 1490.4630306718277 46.5
81 1485.9112876201407 46.916666666666664
82 1481.2365818879405 47.66666666666667
83 1476.9768293586 48.083333333333336
84 1472.5985459910912 48.333333333333336
85 1468.7207100604342 48.66666666666667
86 1465.5203644491232 49.083333333333336
87 1461.953435997601 49.333333333333336
88 1458.1947493268456 49.416666666666664
89 1454.8348546468535 49.333333333333336
90 1450.4720652881956 49.666666666666664
91 1445.6647046090363 49.75
92 1442.102608942272 50.24999999999999
93 1439.0262135960784 50.583333333333336
94 1435.4965690172053 50.583333333333336
95 1430.9722547907556 50.916666666666664
96 1426.1456887372997 50.916666666666664
97 1421.5403170962884 51.0
98 1416.5296266046169 51.5
99 1411.6987347751506 51.583333333333336
100 1407.5456620456687 51.66666666666667
101 1403.388716757007 52.0
102 1399.9218724576237 52.083333333333336
103 1397.5033937502042 52.416666666666664
104 1394.6771410320432 52.666666666666664
105 1391.1313493896419 52.83333333333333
106 1387.51878714367 53.25
107 1383.9116932055633 53.41666666666667
108 1380.4357799812835 53.333333333333336
109 1376.6141495350798 53.583333333333336
110 1373.4258905325587 53.583333333333336
111 1370.7683243368476 53.5
112 1367.4226552094908 53.833333333333336
113 1365.0886811968692 54.166666666666664
114 1362.8506358236646 54.25
115 1360.685026586336 53.833333333333336
116 1358.2003077030452 53.91666666666667
117 1355.4358944508697 54.0
118 1353.2316563493425 54.0
119 1350.2100518842644 54.083333333333336
120 1346.741857412203 54.083333333333336
121 1344.2006407355766 54.41666666666667
122 1341.7189438296873 54.666666666666664
123 1339.2787419244628 54.666666666666664
124 1336.5615324334262 54.833333333333336
125 1333.857048959369 55.00000000000001
126 1330.7960186540224 55.333333333333336
127 1328.2481119168506 55.41666666666667
128 1325.351173167956 55.833333333333336
129 1321.4291932822005 56.08333333333333
130 1318.2312581754163 56.166666666666664
131 1315.2494131044948 56.166666666666664
132 1312.114870264429 56.25
133 1309.0385694933525 56.166666666666664
134 1306.4540930153707 56.41666666666667
135 1304.124925992627 56.58333333333333
136 1301.908394632248 56.75
137 1299.2726036056267 56.75
138 1296.6867951270399 56.666666666666664
139 1294.191807237489 56.75
140 1291.8668785113498 57.08333333333333
141 1289.693180272345 57.25
142 1287.4319265853617 57.41666666666667
143 1285.4646297558493 57.58333333333333
144 1283.5896271988424 57.75
145 1281.9699967551653 57.99999999999999
146 1279.9371015584975 57.833333333333336
147 1277.220734040036 57.91666666666667
148 1274.406712482736 57.91666666666667
149 1271.8154975542436 58.08333333333333
150 1268.905626870093 58.25
151 1265.5040937780943 58.5
152 1263.0191439530734 58.833333333333336
153 1261.381296746552 58.666666666666664
154 1259.1017284727598 58.916666666666664
155 1255.898437010097 59.08333333333333
156 1253.7678174748514 59.166666666666664
157 1250.5897059676872 59.416666666666664
158 1246.4136161230185 59.66666666666667
159 1243.4712021522919 59.583333333333336
160 1241.2167598895387 59.66666666666667
161 1238.386590769625 59.833333333333336
162 1235.058603120127 60.083333333333336
163 1232.3295238301946 59.833333333333336
164 1230.6714763495133 60.0
165 1228.2978390094297 60.083333333333336
166 1225.844002045066 60.25
167 1223.7071991227995 60.416666666666664
168 1221.725115120742 60.583333333333336
169 1219.283611379129 60.75000000000001
170 1216.8615482636478 60.916666666666664
171 1214.0486210730862 61.083333333333336
172 1211.3613085025402 61.33333333333333
173 1208.1420621326972 61.5
174 1205.5173443410958 62.0
175 1203.4997999069026 62.0
176 1201.6490265798377 62.0
177 1199.8085660113939 62.16666666666667
178 1198.323719381719 62.25000000000001
179 1196.3883342906852 62.416666666666664
180 1194.4191814274454 62.83333333333333
181 1192.3738977291775 63.0
182 1190.5431171942162 63.083333333333336
183 1187.9136898284112 63.16666666666667
184 1185.3782431554291 63.416666666666664
185 1182.777819162893 63.5
186 1180.8001991667618 63.583333333333336
187 1179.3824295519219 63.74999999999999
188 1177.8455539859306 63.74999999999999
189 1176.3602846855874 63.74999999999999
190 1174.4780873376635 63.916666666666664
191 1172.360283675229 63.916666666666664
192 1170.971966257854 64.08333333333334
193 1169.456106174267 64.16666666666667
194 1168.0928120246808 64.41666666666667
195 1167.177560618841 64.41666666666667
196 1166.1466930270349 64.58333333333334
197 1165.0320366194003 64.58333333333334
198 1163.6616671386194 64.66666666666666
199 1162.066664721565 64.83333333333333
200 1160.1326685949987 65.08333333333334
201 1157.4224925184712 65.16666666666666
202 1154.8651447222032 65.33333333333333
203 1153.0016545322121 65.5
204 1150.6922100778502 65.58333333333334
205 1149.4666181019318 65.83333333333333
206 1148.5945375594174 65.66666666666666
207 1147.6099276428224 65.66666666666666
208 1146.396676465208 65.83333333333333
209 1145.4643021956244 66.0
210 1144.2000649479392 65.75
211 1142.8394630704847 66.0
212 1141.2455758169756 65.91666666666667
213 1140.2170024595982 66.25
214 1139.0240733129622 66.25
215 1137.4524319099687 66.41666666666667
216 1135.097079929824 66.5
217 1133.1496080281888 66.58333333333334
218 1130.738914135258 66.66666666666666
219 1128.1372780064698 66.66666666666666
220 1125.7454563852698 66.75
221 1124.4556118529374 66.75
222 1122.9572983507974 66.83333333333333
223 1121.302391319451 67.0
224 1119.627057911153 67.0
225 1117.5562988029535 67.41666666666667
226 1115.5909677262507 67.16666666666666
227 1113.6820326545358 67.5
228 1111.331059450722 67.33333333333333
229 1108.520980628793 67.5
230 1107.387048446937 67.33333333333333
231 1106.17176800036 67.41666666666667
232 1105.0475434881334 67.5
233 1103.327556667985 67.5
234 1101.9998794948192 67.66666666666666
235 1101.0257490314227 67.58333333333333
236 1100.2291747279123 67.66666666666666
237 1099.2442994399094 67.75
238 1097.839909680365 68.0
239 1095.8445199444018 67.75
240 1093.852061707693 67.58333333333333
241 1092.5887395857383 67.41666666666667
242 1091.5445702534885 67.58333333333333
243 1090.5716114228833 67.75
244 1089.6384375774492 68.08333333333333
245 1088.2963585405723 67.91666666666667
246 1086.5351981179335 68.33333333333333
247 1085.1594362614262 68.25
248 1083.408105460502 68.58333333333333
249 1081.749645001906 68.66666666666667
250 1079.7174755256465 69.0
251 1078.2078274373582 69.0
252 1076.4998821123725 69.25
253 1074.628075311194 69.25
254 1072.2303316381183 69.5
255 1070.2305304342176 69.5
256 1067.0883157378607 69.75
257 1065.5755605469033 69.75
258 1064.5904078953165 70.0
259 1063.9360559372699 70.08333333333333
260 1062.8484445693155 70.08333333333333
261 1061.5360401733528 70.0
262 1060.4864743717699 70.16666666666667
263 1059.5040916681248 70.0
264 1058.1574454932997 70.08333333333333
265 1056.786151040168 70.41666666666667
266 1055.6056002588696 70.75
267 1054.4400296358037 70.66666666666667
268 1053.4440070355784 70.75
269 1052.7664649428632 70.75
270 1051.9468063278446 70.75
271 1050.5508350087337 70.66666666666667
272 1047.7681332328395 70.91666666666666
273 1046.2427967104518 71.16666666666667
274 1044.4395745521979 71.25
275 1043.121264111926 71.16666666666667
276 1041.6299079580876 71.25
277 1040.0315171078034 71.25
278 1039.0203477718821 71.16666666666667
279 1037.6927936886566 71.5
280 1036.8211565948845 71.25
281 1035.5870466135966 71.33333333333334
282 1033.8695851764344 71.16666666666667
283 1032.5201460766598 71.33333333333334
284 1031.7633874064873 70.75
285 1030.313615928114 70.75
286 1028.9909040508298 70.75
287 1027.294333553104 70.83333333333334
288 1025.7930419069635 70.75
289 1024.6348949619269 70.75
290 1023.8006043933208 70.75
291 1022.4061955926012 71.0
292 1021.561090127466 70.66666666666667
293 1020.8986427554148 71.0
294 1020.2155854960922 70.75
295 1019.6914722646359 71.0
296 1018.9291493658907 70.83333333333334
297 1017.8766699119992 71.0
298 1017.060414090029 71.41666666666666
299 1016.7622449265041 71.58333333333333
300 1016.0580049928134 71.58333333333333
301 1015.0848046270503 71.66666666666667
302 1014.3543635145853 71.66666666666667
303 1013.5720499865864 71.58333333333333
304 1012.3983390181079 71.33333333333334
305 1012.1268375043588 71.33333333333334
306 1011.2991744410817 71.41666666666666
307 1010.9028345128895 71.41666666666666
308 1009.6451787435587 71.25
309 1008.6442051181743 71.25
310 1006.9546610217378 71.41666666666666
311 1006.6541576350834 71.41666666666666
312 1005.5861626903396 71.08333333333333
313 1005.0313043688773 71.16666666666667
314 1003.9275351352234 71.08333333333333
315 1003.5385855751514 71.08333333333333
316 1002.4029145840975 71.0
317 1001.8363557318326 71.08333333333333
318 1000.6399728795847 71.33333333333334
319 1000.0567883117654 71.25
320 998.9041470028554 71.25
321 998.1014730107951 71.41666666666666
322 996.2334411095953 71.41666666666666
323 994.1982582008382 71.33333333333334
324 992.8838686892027 71.33333333333334
325 992.463939552193 71.41666666666666
326 991.4492961559 71.33333333333334
327 991.2389647292058 71.33333333333334
328 990.4618327334389 71.58333333333333
329 990.2941206487429 71.5
330 989.2455719081723 71.5
331 988.9041613617974 71.58333333333333
332 988.0618942538092 71.58333333333333
333 987.5208364118589 71.66666666666667
334 985.3498622871228 71.5
335 982.8725500230024 71.66666666666667
336 981.23071834744 71.66666666666667
337 980.6549659699125 71.91666666666666
338 979.6654425357283 71.75
339 979.0153922732284 71.91666666666666
340 977.9858905619997 71.83333333333334
341 977.5581012196952 72.08333333333333
342 975.7402133733543 71.83333333333334
343 974.347578085912 72.16666666666667
344 973.6004292240553 72.16666666666667
345 973.3324968266164 72.25
346 972.5183036212646 72.08333333333333
347 972.0027633410215 72.33333333333334
348 971.1448457553763 72.33333333333334
349 970.6113247390798 72.33333333333334
350 968.8031879743512 72.33333333333334
351 968.001269928331 72.58333333333333
352 966.1546772653278 72.75
353 964.5866053283308 72.58333333333333
354 962.4336391007951 72.75
355 961.670236008544 72.75
356 960.812364488523 72.83333333333334
357 960.2122737863785 72.66666666666667
358 959.0574966806015 72.91666666666666
359 958.3718083572398 72.91666666666666
360 957.0635727216945 73.0
361 956.6261694457088 73.0
362 955.7478140945526 73.0
363 955.4919009016293 73.0
364 954.5007386697245 72.91666666666666
365 954.2516014664782 73.0
366 953.4208878202919 73.0
367 953.2369213543676 73.0
368 951.8993616826399 72.91666666666666
369 950.9840669591571 73.16666666666667
370 949.9274268037785 73.08333333333333
371 949.7391007389967 73.16666666666667
372 948.7243192155468 73.25
373 948.6762258478519 73.25
374 948.0313216743077 73.25
375 947.7946878835197 73.33333333333333
376 946.5579355472029 73.16666666666667
377 946.0042884065494 73.25
378 945.3999703022154 73.08333333333333
379 945.0272614081425 73.25
380 943.6168381734061 73.25
381 943.5149611769011 73.25
382 943.1136390138596 73.33333333333333
383 943.1506835853008 73.16666666666667
384 941.6773744573048 73.33333333333333
385 941.5723023754485 73.25
386 941.1706441558811 73.33333333333333
387 941.300358104277 73.25
388 940.1887965970586 73.41666666666666
389 940.003143824015 73.25
390 939.5200128370485 73.33333333333333
391 939.6390618755902 73.25
392 938.3656136850512 73.41666666666666
393 938.1663296997667 73.25
394 937.2168918591948 73.5
395 937.07435862553 73.25
396 935.6675580712713 73.58333333333333
397 935.7722026282087 73.33333333333333
398 934.9518101752888 73.41666666666666
399 934.5287370388694 73.25
400 932.7306040956257 73.58333333333333
401 932.4229799258525 73.25
402 931.8556586007549 73.66666666666667
403 932.0887484200354 73.41666666666666
404 930.972001835409 73.66666666666667
405 930.9579332412486 73.58333333333333
406 930.3039290523494 73.83333333333333
407 930.7098253797702 73.75
408 929.5329779146607 73.91666666666666
409 929.4445709027087 73.91666666666666
410 928.6429183256572 74.0
411 929.1321606589523 73.91666666666666
412 927.6947036380236 74.08333333333333
413 927.605498696604 74.08333333333333
414 926.8441632650098 74.25
415 926.7112970115086 74.25
416 925.08771100647 74.25
417 925.2913309697375 74.33333333333333
418 924.7154270507525 74.25
419 924.8900218618371 74.25
420 923.4495466060234 74.33333333333333
421 923.8623431538474 74.25
422 922.8819186549164 74.33333333333333
423 923.2485572827887 74.33333333333333
424 922.4872238166873 74.33333333333333
425 922.5747094399942 74.33333333333333
426 921.1290709529443 74.33333333333333
427 921.576022778801 74.33333333333333
428 921.390307453909 74.33333333333333
429 921.4409044008423 74.33333333333333
430 919.5996537201612 74.41666666666666
431 919.9247321112395 74.5
432 919.6261839107559 74.33333333333333
433 919.706981004313 74.5
434 918.438906671322 74.41666666666666
435 918.1300178274214 74.5
436 917.2913694728662 74.5
437 917.7117074639374 74.41666666666666
438 916.6850254608571 74.5
439 916.7319491116649 74.5
440 916.0260691646754 74.41666666666666
441 915.899801732654 74.5
442 914.75290423938 74.41666666666666
443 913.6287603870721 74.5
444 910.8203736940964 74.5
445 910.7353642139084 74.58333333333333
446 910.258989041263 74.5
447 910.2984184220718 74.5
448 909.4927049696371 74.5
449 909.2583658525082 74.66666666666667
450 908.4731444526716 74.58333333333333
451 908.9252588225365 74.58333333333333
452 908.0646131801914 74.58333333333333
453 907.6811155424559 74.66666666666667
454 906.748476752344 74.58333333333333
455 907.3157443432035 74.75
456 906.4061470645514 74.75
457 906.0618050597299 74.83333333333333
458 905.3902238425019 74.75
459 905.9865841231688 74.75
460 904.7597458404474 74.75
461 904.4947760038076 74.91666666666667
462 903.9359358015739 74.75
463 904.2700584448035 74.83333333333333
464 903.0099393053436 74.75
465 902.7029649838639 74.91666666666667
466 902.2762779464082 74.75
467 902.5880473809495 74.91666666666667
468 901.3582187261819 74.75
469 901.2640534220217 74.91666666666667
470 900.7618872456271 74.75
471 901.2867497775574 74.91666666666667
472 899.984411482253 74.83333333333333
473 899.7491750346622 75.0
