0 1991.7740016980554 18.666666666666668
1 1967.1079517219819 19.333333333333332
2 1951.8006643392919 19.916666666666664
3 1942.2111252864513 20.416666666666668
4 1936.036225925454 20.333333333333332
5 1931.864641448829 20.75
6 1928.8589531459982 21.416666666666668
7 1926.532701148534 22.0
8 1924.6055733407204 22.333333333333332
9 1922.9157713194647 22.416666666666664
10 1921.368829392293 22.5
11 1919.9072293172726 23.5
12 1918.4929074990723 24.333333333333336
13 1917.0988592854417 24.416666666666668
14 1915.7054483322697 24.833333333333332
15 1914.2983718452276 25.083333333333336
16 1912.8673727753412 25.166666666666664
17 1911.4054089933472 25.083333333333336
18 1909.90802376804 25.0
19 1908.372749267183 25.333333333333336
20 1906.7985407008055 25.833333333333336
21 1905.1853470424542 26.0
22 1903.5338821983146 26.25
23 1901.8455525183533 26.25
24 1900.1224389069748 26.333333333333332
25 1898.3672182340003 27.166666666666668
26 1896.582911187567 27.250000000000004
27 1894.7724127895171 27.500000000000004
28 1892.9379131160672 27.750000000000004
29 1891.080402795853 27.750000000000004
30 1889.199376738447 28.249999999999996
31 1887.2927258861027 28.416666666666668
32 1885.3567564178966 28.583333333333332
33 1883.3863486814046 28.583333333333332
34 1881.3756453839296 28.916666666666668
35 1879.3201772257978 28.833333333333332
36 1877.2202213027485 28.916666666666668
37 1875.0815378288066 29.166666666666668
38 1872.9112677672083 29.5
39 1870.7149825492459 29.75
40 1868.4976522825752 29.833333333333336
41 1866.2651047784634 30.083333333333336
42 1864.0241431874763 30.333333333333336
43 1861.7808002799266 30.5
44 1859.5384576731778 30.666666666666664
45 1857.2984174934763 30.75
46 1855.0621759196256 30.916666666666664
47 1852.8328717516517 31.166666666666664
48 1850.6149377365223 31.166666666666664
49 1848.4121164541696 31.333333333333336
50 1846.224737704681 31.583333333333336
51 1844.0480297507231 31.666666666666664
52 1841.8735067473249 31.833333333333336
53 1839.694410227258 31.916666666666664
54 1837.5126377187537 32.083333333333336
55 1835.338751006892 32.166666666666664
56 1833.1818970869165 32.58333333333333
57 1831.0420115582929 32.33333333333333
58 1828.9090244562851 32.58333333333333
59 1826.7666092528536 32.666666666666664
60 1824.6047490630156 32.75
61 1822.430069164637 33.166666666666664
62 1820.2499285244455 33.5
63 1818.0612924931322 33.666666666666664
64 1815.8597929116725 34.0
65 1813.6372152436627 34.166666666666664
66 1811.3776792426163 34.416666666666664
67 1809.068811054527 34.25
68 1806.722183664908 34.5
69 1804.3700446370851 34.66666666666667
70 1802.0278392586395 34.66666666666667
71 1799.6831901185813 34.75
72 1797.32314400182 34.833333333333336
73 1794.946996393764 35.083333333333336
74 1792.5368549739524 35.25
75 1790.0633316960555 35.66666666666667
76 1787.5216085396758 35.66666666666667
77 1784.9224706245657 35.91666666666667
78 1782.257097585557 36.0
79 1779.4940703168127 36.333333333333336
80 1776.6016078843327 36.833333333333336
81 1773.5558219063305 36.916666666666664
82 1770.363271834454 37.25
83 1767.096820270528 37.583333333333336
84 1763.884716078068 37.833333333333336
85 1760.7420826985833 38.083333333333336
86 1757.644564514777 38.083333333333336
87 1754.6835143618546 38.25
88 1751.9091497457084 38.5
89 1749.3019973476166 38.916666666666664
90 1746.79723581472 39.0
91 1744.34305221093 39.08333333333333
92 1741.919116994655 39.75
93 1739.5266728882386 39.58333333333333
94 1737.1630516687803 39.916666666666664
95 1734.8191072491181 40.416666666666664
96 1732.4901505284745 40.583333333333336
97 1730.1647755588847 40.666666666666664
98 1727.8259556225337 40.666666666666664
99 1725.4654345426445 40.666666666666664
100 1723.0857899071793 41.0
101 1720.6784893032648 41.333333333333336
102 1718.2113851453826 41.25
103 1715.655277280968 41.41666666666667
104 1713.0154344194011 41.66666666666667
105 1710.3198065384142 41.75
106 1707.575523265669 42.0
107 1704.8119953230164 42.0
108 1702.0769220767727 42.333333333333336
109 1699.3707213818473 42.66666666666667
110 1696.6548257848638 42.75
111 1693.892534871959 42.833333333333336
112 1691.1124229521972 43.0
113 1688.4126135199353 43.083333333333336
114 1685.8215253549479 43.0
115 1683.2913728762578 42.833333333333336
116 1680.7787406000489 43.083333333333336
117 1678.2636681260292 43.25
118 1675.7026928080045 43.5
119 1672.997260874257 43.666666666666664
120 1670.0500018643531 43.916666666666664
121 1666.929296904065 44.416666666666664
122 1663.833018408176 44.75
123 1660.7930703023699 45.166666666666664
124 1657.8000249103475 45.416666666666664
125 1654.8441516511866 45.5
126 1651.7636647961722 45.916666666666664
127 1648.757657389945 46.0
128 1645.9139020663242 46.33333333333333
129 1643.1165823230485 46.33333333333333
130 1640.3248912424096 46.75
131 1637.5415096228382 46.833333333333336
132 1634.7945231769522 46.75
133 1632.1550376592 47.0
134 1629.5585090181694 46.916666666666664
135 1626.8249661326674 46.916666666666664
136 1623.921499234319 47.0
137 1621.180555839945 47.0
138 1618.4470622728486 47.16666666666667
139 1615.7505443413193 47.41666666666667
140 1613.1615839073363 47.75
141 1610.6293443624404 47.833333333333336
142 1608.1006311414892 47.833333333333336
143 1605.5479527177913 47.833333333333336
144 1602.9208461127266 47.833333333333336
145 1600.3055993923538 47.91666666666667
146 1597.8666119698746 48.083333333333336
147 1595.5769136305132 48.16666666666667
148 1593.40759090548 48.333333333333336
149 1591.3691902167618 48.5
150 1589.4390299791712 48.833333333333336
151 1587.5767587633395 49.0
152 1585.745376896711 49.083333333333336
153 1583.9130060280816 49.166666666666664
154 1582.0483682250285 49.166666666666664
155 1580.1153887040737 49.166666666666664
156 1578.0582886612083 49.25
157 1575.8086463694715 49.25
158 1573.5644154533943 49.416666666666664
159 1571.4820307114096 49.333333333333336
160 1569.3961266893718 49.416666666666664
161 1566.9698034090013 49.583333333333336
162 1564.505462131004 49.666666666666664
163 1562.654191449692 49.666666666666664
164 1560.8478619523673 49.666666666666664
165 1558.997048369465 49.583333333333336
166 1557.0181937227362 49.833333333333336
167 1554.867959603277 49.916666666666664
168 1552.6071312312752 50.083333333333336
169 1550.3345213518812 50.416666666666664
170 1548.10288283327 50.66666666666667
171 1545.9415723553686 50.74999999999999
172 1543.8671141285238 50.66666666666667
173 1541.849227860791 50.583333333333336
174 1539.869228296 50.583333333333336
175 1537.7780074011096 50.74999999999999
176 1535.4607779644136 50.74999999999999
177 1533.5216386813458 50.83333333333333
178 1531.7281900847418 50.916666666666664
179 1529.9749157391827 51.0
180 1528.1783328586134 51.24999999999999
181 1526.2172454683791 51.583333333333336
182 1524.0036829771354 51.66666666666667
183 1521.678585523341 51.916666666666664
184 1519.6544691177223 52.0
185 1517.7151460757002 52.0
186 1515.8289508542114 52.083333333333336
187 1514.0556191344792 52.166666666666664
188 1512.4050629193048 52.25
189 1510.8304952635788 52.25
190 1509.2934151035795 52.33333333333333
191 1507.7543328151726 52.416666666666664
192 1506.181566541514 52.416666666666664
193 1504.5698537422043 52.416666666666664
194 1502.9984172676268 52.416666666666664
195 1501.4517706017525 52.583333333333336
196 1499.8594470531377 52.5
197 1498.1572318148121 52.583333333333336
198 1496.3157868346393 52.583333333333336
199 1494.4391625054864 52.75
200 1492.567762432697 53.0
201 1490.793901185339 53.083333333333336
202 1489.169403180988 53.0
203 1487.5442035097126 53.166666666666664
204 1485.8901820198432 53.25
205 1484.1466718319293 53.083333333333336
206 1482.3344282802823 53.166666666666664
207 1480.6304264307018 53.333333333333336
208 1479.05596914664 53.41666666666667
209 1477.5749788076762 53.5
210 1476.1395201939222 53.25
211 1474.7176964505531 53.25
212 1473.2925835730528 53.333333333333336
213 1471.8557557952931 53.583333333333336
214 1470.3933310057212 53.583333333333336
215 1468.8930655551433 53.666666666666664
216 1467.3170592046158 53.75
217 1465.613296538241 53.91666666666667
218 1463.9479621323653 54.0
219 1462.3124989628984 54.333333333333336
220 1460.582924162344 54.50000000000001
221 1458.8132262106133 54.58333333333333
222 1457.0299693677298 54.666666666666664
223 1455.176092450785 54.58333333333333
224 1452.8919387515366 54.666666666666664
225 1450.4359481029219 54.58333333333333
226 1448.4610945934387 54.833333333333336
227 1446.5532802170537 55.08333333333333
228 1444.679169884369 55.25
229 1442.9841784662094 55.41666666666667
230 1441.1059014212954 55.41666666666667
231 1438.995819618 55.666666666666664
232 1436.8085290635097 55.58333333333333
233 1434.100209508189 56.00000000000001
234 1431.1088411643607 55.75
235 1429.6193723241443 55.833333333333336
236 1428.0383621642245 55.833333333333336
237 1426.4563230536608 55.833333333333336
238 1424.9854620457374 56.00000000000001
239 1423.261825254249 56.08333333333333
240 1421.7696418825126 55.91666666666667
241 1420.1901412042928 56.08333333333333
242 1417.842338958469 56.166666666666664
243 1415.6504415973704 56.333333333333336
244 1414.1574243074017 56.41666666666667
245 1413.2008759147677 56.49999999999999
246 1411.167179255512 56.666666666666664
247 1409.3916483055261 56.58333333333333
248 1407.9391552656004 56.58333333333333
249 1407.047522949829 56.41666666666667
250 1404.8400223920203 56.58333333333333
251 1402.9516247718996 56.666666666666664
252 1401.311057929902 56.75
253 1399.778806880274 56.666666666666664
254 1397.738932394299 57.08333333333333
255 1396.0249316577176 56.99999999999999
256 1394.7630465193852 56.99999999999999
257 1394.2486502578383 56.833333333333336
258 1392.2086646388036 56.91666666666667
259 1390.544930625016 57.166666666666664
260 1389.408816691498 57.08333333333333
261 1387.7015384813903 57.08333333333333
262 1386.347429363985 57.08333333333333
263 1384.7988058222609 57.25
264 1383.2706636883017 57.166666666666664
265 1382.426120354985 56.99999999999999
266 1380.65562358973 57.08333333333333
267 1378.939219263964 57.25
268 1376.9828843490682 57.58333333333333
269 1375.8897949955383 57.58333333333333
270 1374.8510965920016 57.666666666666664
271 1374.2920070460407 57.58333333333333
272 1372.5146767407814 57.833333333333336
273 1370.9131041717947 57.91666666666667
274 1369.737703152039 58.08333333333333
275 1369.5808219870514 58.25
276 1367.8598926878624 58.166666666666664
277 1366.1732287770478 58.333333333333336
278 1364.6865963522107 58.333333333333336
279 1363.8432332639984 58.166666666666664
280 1363.3745675256748 58.166666666666664
281 1363.5855829489035 58.08333333333333
282 1360.527559649264 58.333333333333336
283 1359.1274549873924 58.5
284 1358.0612015689235 58.333333333333336
285 1357.82789559333 58.416666666666664
286 1356.2377941137674 58.58333333333333
287 1354.6604830241097 58.75
288 1353.698169043591 58.666666666666664
289 1351.9485662006146 59.166666666666664
290 1350.3182802987883 59.166666666666664
291 1349.581831957546 59.08333333333333
292 1348.2184393530358 59.333333333333336
293 1346.992689792871 59.333333333333336
294 1345.0065490677546 59.416666666666664
295 1343.4471577363925 59.5
296 1343.0338696184328 59.25
297 1341.2077864705313 59.5
298 1339.033363718077 59.66666666666667
299 1337.0828473689241 59.66666666666667
300 1335.551395606568 59.66666666666667
301 1334.7381592889963 59.66666666666667
302 1334.9950888516214 59.5
303 1331.591814410754 59.583333333333336
304 1329.4588956230507 59.5
305 1327.2641052624876 59.5
306 1325.7372297636603 59.583333333333336
307 1321.148444737458 59.75
308 1319.0610319396071 60.0
309 1318.7932035995648 60.0
310 1315.485162827795 60.333333333333336
311 1313.5572069953837 60.5
312 1312.3630973705808 60.5
313 1313.0741993807542 60.416666666666664
314 1310.5369309929688 60.583333333333336
315 1309.0703356826982 60.5
316 1307.9133614944924 60.583333333333336
317 1305.7724473565302 60.75000000000001
318 1304.4698541972368 60.916666666666664
319 1302.8815081728828 61.0
320 1301.5630620413024 61.083333333333336
321 1300.7823953151403 61.0
322 1300.853406659146 61.083333333333336
323 1298.6949871412799 61.33333333333333
324 1296.4745722662688 61.416666666666664
325 1294.9473140205525 61.5
326 1293.5207955206472 61.583333333333336
327 1293.2185175061618 61.583333333333336
328 1290.6711276135482 61.75000000000001
329 1289.459280454719 61.75000000000001
330 1287.6047070320428 62.0
331 1286.7889503681292 62.0
332 1287.405110144726 61.916666666666664
333 1284.2375847955839 62.33333333333333
334 1283.1665866849141 62.16666666666667
335 1280.5073081507846 62.583333333333336
336 1277.6378930540614 62.416666666666664
337 1276.1521865593995 62.5
338 1272.9258210059675 62.66666666666667
339 1272.2298002002246 62.66666666666667
340 1271.7197171342607 62.416666666666664
341 1268.81495132657 62.74999999999999
342 1267.8985459758158 62.583333333333336
343 1268.7200147650842 62.5
344 1264.7525617081187 62.74999999999999
345 1263.377317033315 62.74999999999999
346 1261.9676363492465 62.74999999999999
347 1261.0230102153891 62.916666666666664
348 1259.9445553238977 62.83333333333333
349 1259.2334435052974 63.0
350 1257.8098936777374 62.916666666666664
351 1257.3126623262374 62.916666666666664
352 1256.2813435410956 62.916666666666664
353 1255.5000566297115 63.083333333333336
354 1254.7927051837673 63.083333333333336
355 1254.7564282018573 63.0
356 1253.5012377135383 63.0
357 1252.8271021289981 63.083333333333336
358 1251.7099175444625 63.24999999999999
359 1250.9330689753363 63.24999999999999
360 1249.3596527673371 63.24999999999999
361 1248.2791709409144 63.33333333333333
362 1246.7033423115024 63.33333333333333
363 1245.6893059619601 63.24999999999999
364 1244.7387222699622 63.33333333333333
365 1244.3109453361058 63.416666666666664
366 1243.8390208959963 63.583333333333336
367 1243.1481331797402 63.66666666666667
368 1242.1074497026202 63.916666666666664
369 1241.2287451004197 63.916666666666664
370 1240.6791893851691 63.916666666666664
371 1239.9958912752033 63.583333333333336
372 1238.554020862916 63.74999999999999
373 1237.7370022163198 63.416666666666664
374 1236.2314289248302 63.74999999999999
375 1236.0623009161493 63.5
376 1235.1255821238992 63.24999999999999
377 1234.6481598727662 63.33333333333333
378 1234.185490062503 63.24999999999999
379 1233.341077995606 63.5
380 1231.5880524590868 63.33333333333333
381 1231.2926523725398 63.33333333333333
382 1231.0705219415813 63.16666666666667
383 1229.7771721036759 63.66666666666667
384 1227.934925704875 63.33333333333333
385 1227.1987671073825 63.66666666666667
386 1226.5829795262805 63.583333333333336
387 1225.3642154482575 63.66666666666667
388 1223.6960760253148 63.916666666666664
389 1222.615320988077 63.916666666666664
390 1222.2252379642616 64.0
391 1221.0453868686752 64.08333333333334
392 1220.5688636145264 63.916666666666664
393 1220.2455081291096 64.41666666666667
394 1219.804652082468 64.08333333333334
395 1219.3943877753402 64.25
396 1218.352408290083 64.16666666666667
397 1218.6951158581514 64.16666666666667
398 1217.6106252811048 64.25
399 1216.5562405886244 64.25
400 1214.135035491966 64.41666666666667
401 1213.4891751829168 64.5
402 1213.572211844001 64.66666666666666
403 1212.8500437548214 64.58333333333334
404 1211.300622373699 64.75
405 1211.1855227977574 64.91666666666667
406 1212.0133716832336 65.0
407 1210.5812573258474 64.91666666666667
408 1207.6771676109863 65.16666666666666
409 1207.4557535716244 65.16666666666666
410 1206.7603231934406 65.16666666666666
411 1206.136212166229 65.16666666666666
412 1205.224213535904 65.25
413 1203.488968206664 65.41666666666667
414 1203.1767451318433 65.33333333333333
415 1202.159869674259 65.58333333333334
416 1201.006853333327 65.58333333333334
417 1200.9819935952175 65.66666666666666
418 1199.6384123574314 65.5
419 1199.7470199739153 65.58333333333334
420 1200.6971330755562 65.5
421 1198.4180928804894 65.58333333333334
422 1197.4288921386492 65.5
423 1196.7193616090178 65.83333333333333
424 1194.4853748264995 65.83333333333333
425 1193.4404134852061 65.75
426 1193.797616299878 65.66666666666666
427 1192.7543409307514 65.5
428 1191.4807164226834 65.75
429 1193.9005428819921 65.66666666666666
430 1193.5457447811884 65.83333333333333
431 1192.6900590369344 65.75
432 1190.280210999487 65.75
433 1191.7676014791584 65.83333333333333
434 1191.663199529889 66.0
435 1190.162244763429 66.08333333333334
436 1187.7117379010108 66.0
437 1188.3530064993918 65.75
438 1188.8706415294237 65.75
439 1187.019024091347 65.83333333333333
440 1185.0335717280684 65.91666666666667
441 1185.5246199803018 66.16666666666666
442 1186.4950289769945 66.16666666666666
443 1187.1247818943739 66.16666666666666
444 1184.7584948066449 66.0
445 1185.1974334371716 66.08333333333334
446 1186.5862912419475 66.33333333333333
447 1184.4048320768222 66.33333333333333
448 1182.5432543395166 66.33333333333333
449 1179.8614532287245 66.41666666666667
450 1177.6827535272644 66.66666666666666
451 1177.2185997673764 66.83333333333333
452 1177.3143962427132 66.33333333333333
453 1178.518445190939 66.41666666666667
454 1177.8159979030647 66.33333333333333
455 1178.4511500414408 66.41666666666667
456 1177.8921550017894 66.58333333333334
457 1175.2433542241595 66.5
458 1177.3204390105743 66.16666666666666
459 1177.4553273855315 66.33333333333333
460 1176.75060457695 66.33333333333333
461 1176.1548510830353 66.16666666666666
462 1174.5889811264988 66.25
463 1170.5367234474165 66.75
464 1168.321950277842 66.5
465 1168.748833381274 66.58333333333334
466 1170.3922135408736 66.5
467 1167.9896542739843 66.5
468 1165.9198813289352 66.58333333333334
469 1164.1413071571922 66.83333333333333
470 1163.4546304276075 67.0
471 1168.237457849181 66.58333333333334
472 1167.4640365335329 66.25
473 1165.5643156197536 66.41666666666667
474 1164.0574394657415 66.5
475 1165.3408715720193 66.58333333333334
476 1162.6229615324569 66.75
477 1160.9741712332184 67.0
478 1161.3419079342218 66.91666666666667
479 1159.7947974931858 66.83333333333333
480 1159.4359019359779 67.33333333333333
481 1159.0023371694151 67.08333333333333
482 1159.9173621458867 67.16666666666666
483 1159.2781975015205 67.0
484 1157.9346677314954 67.08333333333333
485 1160.2496587867633 67.08333333333333
486 1159.123802189472 67.08333333333333
487 1157.0978319005849 67.33333333333333
488 1157.802547212478 67.16666666666666
489 1158.265465999894 67.16666666666666
490 1159.7499709433205 66.75
491 1153.3002239370767 67.08333333333333
492 1153.0318246158938 67.08333333333333
493 1153.1032089109035 66.91666666666667
494 1151.539168168143 66.91666666666667
495 1151.1750932392417 66.75
496 1152.8609744339647 67.16666666666666
497 1155.1422493990792 66.83333333333333
498 1153.6371100738113 66.83333333333333
499 1150.914871892779 66.83333333333333
500 1151.076454439005 66.66666666666666
501 1150.1049440524387 67.08333333333333
502 1150.564667566766 66.83333333333333
503 1147.9255943120443 67.16666666666666
504 1146.6309316214301 67.0
505 1144.288067139703 67.58333333333333
506 1142.6084578656146 67.08333333333333
507 1141.7267562197371 67.66666666666666
508 1138.3902959413626 67.58333333333333
509 1138.8084684687979 67.75
510 1140.539569852231 67.58333333333333
511 1141.0546234091807 67.5
512 1139.9239528523121 67.25
513 1135.744161252684 67.5
514 1133.5253798500974 67.58333333333333
515 1136.7534629485594 67.25
516 1139.4259631000568 67.91666666666667
517 1142.279202604696 67.58333333333333
518 1137.3251999323627 67.83333333333333
519 1135.6944113631284 67.5
520 1132.244507163089 67.75
521 1133.1771939804871 67.83333333333333
522 1132.1833134944418 67.58333333333333
523 1130.4336873694938 67.58333333333333
524 1129.6914544851907 68.08333333333333
525 1129.606030649038 68.08333333333333
526 1136.952651506036 67.83333333333333
527 1136.5625812623523 67.25
528 1134.7739124115612 67.25
529 1136.5921836319906 67.58333333333333
530 1133.0347350875213 67.58333333333333
531 1128.3410913232283 68.08333333333333
532 1128.4946264810521 68.08333333333333
533 1127.3886447828806 67.91666666666667
534 1125.3784977418418 68.0
535 1124.8263506486057 68.16666666666666
536 1124.4908881878366 68.33333333333333
537 1123.2381367250775 68.16666666666666
538 1123.6908085037285 67.83333333333333
539 1128.631755625038 67.75
540 1128.145997558202 67.58333333333333
541 1127.135222430599 67.66666666666666
542 1127.492831869253 67.91666666666667
543 1123.8810078593856 67.75
544 1123.08982931485 67.66666666666666
545 1122.6637125444122 68.08333333333333
546 1120.075536591836 68.16666666666666
547 1122.4919220383688 68.08333333333333
548 1120.7800129853645 68.33333333333333
549 1120.11390665907 68.08333333333333
550 1118.548587697652 68.08333333333333
551 1117.5767752138306 68.0
552 1116.6877357774251 68.91666666666667
553 1116.2512642754537 68.66666666666667
554 1120.97967360927 67.91666666666667
555 1120.5806388575063 68.08333333333333
556 1130.1609682501266 67.66666666666666
557 1123.5003943274905 67.58333333333333
558 1116.8410064530324 67.66666666666666
559 1116.4098258163874 68.16666666666666
560 1118.8267652359416 68.25
561 1117.1589734686818 68.66666666666667
562 1117.8048233529303 68.0
563 1116.9324155344154 68.0
564 1123.1426521277742 67.75
565 1118.5082820360565 67.83333333333333
566 1117.123496580169 68.33333333333333
567 1112.5966919507787 67.83333333333333
568 1111.9536931337673 68.08333333333333
569 1111.7436997647198 68.0
570 1110.813283425524 68.0
571 1113.5409983737584 68.08333333333333
572 1114.8020367024926 68.0
573 1112.776168099238 68.0
574 1115.5286588595013 68.41666666666667
575 1110.0685524941318 68.25
576 1110.9379789271566 67.91666666666667
577 1111.766317063744 67.75
578 1106.1331130523954 68.08333333333333
579 1110.302299919427 68.25
580 1111.146824052297 68.58333333333333
581 1106.5904347501937 68.16666666666666
582 1104.7318071056836 68.16666666666666
583 1104.2784937435774 68.0
584 1101.1051635519339 68.25
585 1100.6132103805496 68.25
586 1102.1557857655612 68.16666666666666
587 1098.7094821251064 68.25
588 1098.6896402989014 68.33333333333333
589 1098.3536862583721 68.16666666666666
590 1096.8469287055384 68.41666666666667
591 1099.3035302168712 68.66666666666667
592 1095.2290174835036 68.91666666666667
593 1097.8571649827077 68.41666666666667
594 1096.9451743843756 68.75
595 1096.8110386586525 68.41666666666667
596 1094.5790685704565 68.75
597 1093.4718403971515 68.41666666666667
598 1094.8535303729086 68.25
599 1092.6209386131195 68.16666666666666
600 1098.916724826274 67.91666666666667
601 1104.990141963919 68.58333333333333
602 1104.2507098900821 68.33333333333333
603 1101.8975717341696 68.41666666666667
604 1101.5172448887604 68.25
605 1098.1387949905193 68.41666666666667
606 1094.821551136545 68.75
607 1092.047151784989 68.58333333333333
608 1091.1514901228861 68.83333333333333
609 1087.9839219817893 68.83333333333333
610 1086.7156137551303 68.91666666666667
611 1086.7904469234493 69.0
612 1086.7224313893155 68.83333333333333
613 1089.1004992236149 69.25
614 1093.473266384391 69.0
615 1091.1050269914167 68.83333333333333
616 1088.5855825877627 69.66666666666667
617 1085.2797655406534 69.25
618 1085.5083998271964 69.58333333333333
619 1085.4678191278488 69.0
620 1087.1092468609093 69.58333333333333
621 1084.314257213271 69.08333333333333
622 1082.5765101210213 69.58333333333333
623 1082.6131826988371 69.33333333333334
624 1082.8560333306707 69.41666666666667
625 1081.3126178537905 69.16666666666667
626 1082.5339101897484 69.5
627 1086.1521018997648 69.25
628 1084.583416894021 69.25
629 1081.628698516212 69.41666666666667
630 1080.145184814836 69.58333333333333
631 1084.3279541255533 69.58333333333333
632 1079.9363304709977 69.58333333333333
633 1081.3879587029346 70.0
634 1086.87805155571 69.41666666666667
635 1085.9454080608364 69.83333333333334
636 1091.5634465870605 70.0
637 1085.4951805429955 69.66666666666667
638 1090.9623430945035 69.5
639 1090.566312703809 69.41666666666667
640 1085.5179667672487 69.66666666666667
641 1092.3625085962874 69.25
642 1090.161273634747 69.33333333333334
643 1087.804860047148 69.0
644 1085.6639502327982 69.66666666666667
645 1087.9404411725861 69.33333333333334
646 1085.9372249595585 69.58333333333333
647 1084.391007592905 69.75
648 1082.3370787273377 69.66666666666667
649 1076.9794592068984 69.5
650 1076.1637798773602 70.08333333333333
651 1077.9381415748635 69.41666666666667
652 1072.0151354176367 70.16666666666667
653 1072.464696578651 70.0
654 1069.0233626855102 70.08333333333333
655 1069.2652626955346 70.25
656 1071.162696694634 70.25
657 1075.429889482607 70.33333333333334
658 1078.665123884791 69.75
659 1081.5814010605695 69.25
660 1077.289844258546 69.5
661 1076.114795295274 69.66666666666667
662 1072.8431439202748 69.41666666666667
663 1073.0421715696432 69.91666666666667
664 1075.3322347649516 69.66666666666667
665 1073.8226958618775 70.0
666 1072.3700860854606 69.91666666666667
667 1072.685835436091 70.41666666666667
668 1085.1996408122388 69.41666666666667
669 1083.894683601971 69.5
670 1079.292076232753 69.5
671 1079.8331626999484 69.83333333333334
672 1079.7693520188832 69.83333333333334
673 1082.8302564638882 69.58333333333333
674 1076.9700297185927 69.66666666666667
675 1071.754175775864 70.25
676 1068.8931419687385 70.41666666666667
677 1073.6696762494669 69.41666666666667
678 1069.0554228535284 70.33333333333334
679 1069.9058364226807 69.83333333333334
680 1069.4342799888625 70.41666666666667
681 1067.5432513816017 70.16666666666667
682 1079.9592816953332 69.25
683 1078.9328563610977 69.25
684 1068.7286214346484 70.0
685 1070.4207605976283 69.75
686 1072.4483282198996 69.83333333333334
687 1067.1591181628214 69.83333333333334
688 1064.5952157336317 69.66666666666667
689 1065.0108810974414 69.75
690 1063.625836935379 69.91666666666667
691 1060.8494850225554 70.33333333333334
692 1061.2572861593821 70.58333333333333
693 1061.0345097505722 70.41666666666667
694 1060.9193200669497 70.66666666666667
695 1062.5640237355974 70.08333333333333
696 1064.7112035363632 69.91666666666667
697 1066.0907385027783 70.0
698 1063.831891443212 70.08333333333333
699 1057.682721729552 70.33333333333334
700 1055.4256045252841 70.58333333333333
701 1058.6174582486344 70.5
702 1063.5187837958174 70.41666666666667
703 1067.1728712393792 70.0
704 1069.6795834406764 69.66666666666667
705 1068.8662274505552 70.0
706 1069.693278261424 69.75
707 1066.7588806735762 70.16666666666667
708 1066.1658152654722 71.0
709 1063.4334245887965 70.08333333333333
710 1070.280420442412 70.0
711 1068.6459618492192 70.25
712 1062.6564995715737 70.5
713 1057.3242655201511 70.66666666666667
714 1057.5883641115383 70.5
715 1057.4100450909507 70.41666666666667
716 1072.3422036178142 69.91666666666667
717 1078.5675134326596 69.08333333333333
718 1067.3490910391497 69.58333333333333
719 1063.2781471618744 70.25
720 1059.4403080003012 70.08333333333333
721 1056.3302035822646 70.0
722 1055.1861308392051 70.25
723 1057.9697913030902 70.5
724 1056.9920994598065 70.5
725 1055.5321406445498 70.16666666666667
726 1056.9747494025607 70.83333333333334
727 1058.5374470010568 70.66666666666667
728 1056.7251342914622 70.25
729 1056.9236746202296 70.5
730 1053.6424064453245 70.25
731 1051.932109631809 70.5
732 1050.4929257663587 71.08333333333333
733 1051.963106100135 70.5
734 1055.0452658926208 70.0
735 1052.069941626442 70.33333333333334
736 1053.2469442296986 69.91666666666667
737 1056.001841965948 70.33333333333334
738 1055.0313518955893 70.41666666666667
739 1052.2652854567077 70.0
740 1058.1175522588949 70.0
741 1050.7917377517754 70.83333333333334
742 1048.0528992088118 70.83333333333334
743 1049.4998421297053 71.08333333333333
744 1055.089395052193 70.25
745 1054.9383867099768 70.25
746 1051.921888692576 70.16666666666667
747 1047.9183251790698 70.41666666666667
748 1045.800407779572 71.08333333333333
749 1047.3189478383197 70.83333333333334
750 1044.856226228199 70.33333333333334
751 1042.3728494525799 70.91666666666666
752 1040.353422778717 71.0
753 1040.0940522986236 71.08333333333333
754 1041.6374458410385 71.33333333333334
755 1042.6806304797628 70.41666666666667
756 1042.3729649131908 70.5
757 1040.3355380786734 71.16666666666667
758 1041.769024531361 70.5
759 1045.0013407778013 70.83333333333334
760 1039.549204482238 70.5
761 1037.116352277706 71.0
762 1034.4942760530735 70.25
763 1038.7584084383934 70.58333333333333
764 1038.5987451350418 70.91666666666666
765 1048.5578147694962 69.91666666666667
766 1046.6229547474932 69.75
767 1043.4755248899507 70.66666666666667
768 1043.2257900061725 70.33333333333334
769 1038.641243006829 70.25
770 1034.2027797773787 71.08333333333333
771 1032.7134763125443 70.75
772 1036.2745272516738 71.0
773 1039.5102967449225 70.33333333333334
774 1047.448607977284 69.33333333333334
775 1044.7747354693263 70.5
776 1044.0355165874707 70.41666666666667
777 1046.4689978086158 69.91666666666667
778 1044.829342597092 70.08333333333333
779 1035.2542424340768 70.66666666666667
780 1032.5355616236227 71.33333333333334
781 1030.6557062345194 71.16666666666667
782 1028.3760385875225 71.5
783 1029.6962053913269 71.08333333333333
784 1026.203199513342 71.5
785 1025.7392487664722 71.66666666666667
786 1027.9195018869204 71.08333333333333
787 1027.8117102325582 71.25
788 1027.5910602232773 70.83333333333334
789 1028.0601542047807 70.83333333333334
790 1029.799793913499 70.83333333333334
791 1033.6198628703587 71.0
792 1030.4623377797552 70.83333333333334
793 1031.638160357441 71.25
794 1030.2909970366818 71.08333333333333
795 1030.0133099882532 70.75
796 1027.7982336203527 71.0
797 1026.439757609458 70.66666666666667
798 1024.4874317547678 71.0
799 1024.413873691159 70.91666666666666
800 1024.5092223556958 71.25
801 1022.1847299308033 71.5
802 1021.9407461693784 71.08333333333333
803 1022.307540756853 71.66666666666667
804 1027.4823562582876 70.75
805 1028.9956960101574 70.91666666666666
806 1025.466319369212 70.91666666666666
807 1025.453530760081 71.25
808 1023.5610711770678 71.16666666666667
809 1025.7034401179894 70.91666666666666
810 1023.7843168011424 71.08333333333333
811 1023.8077374937304 71.0
812 1022.3210159905992 71.08333333333333
813 1020.8075885411538 71.33333333333334
814 1028.1289291280464 70.66666666666667
815 1036.3238946545594 70.08333333333333
816 1033.3163195587151 70.83333333333334
817 1038.2273203853551 70.5
818 1034.9535390927795 70.83333333333334
819 1030.991953783412 70.33333333333334
820 1026.612481543548 70.58333333333333
821 1026.7156893816602 70.58333333333333
822 1025.8724851660284 70.58333333333333
823 1023.5149030702938 70.66666666666667
824 1019.8622061960987 71.5
825 1021.1612963632991 70.83333333333334
826 1053.3759676759385 70.33333333333334
827 1045.9010575459015 69.41666666666667
828 1040.678242665066 69.58333333333333
829 1029.2340028245271 70.33333333333334
830 1025.0071653212385 71.16666666666667
831 1023.8910357696877 71.08333333333333
832 1026.0711312655665 71.41666666666666
833 1028.1701746125061 70.91666666666666
834 1023.8284699760532 71.41666666666666
835 1024.6046899637477 71.41666666666666
836 1023.7686432564593 71.25
837 1022.6299421109783 71.41666666666666
838 1021.4126810298509 71.58333333333333
839 1018.6061547089303 71.25
840 1018.9213376507435 70.66666666666667
841 1016.5817782101905 71.16666666666667
842 1017.5017371960328 71.75
843 1019.1365677139975 71.25
844 1018.6661694901995 71.33333333333334
845 1017.8975953871743 70.66666666666667
846 1014.3196479428904 72.0
847 1013.7198476962304 71.58333333333333
848 1013.8426019608703 71.75
849 1012.5729053751581 71.25
850 1013.9322586519883 71.91666666666666
851 1014.3714460171624 71.5
852 1014.3938090037752 71.41666666666666
853 1023.3585574493363 70.75
854 1021.3387344081945 71.5
855 1017.8795097893536 71.75
856 1014.6926285578609 71.66666666666667
857 1014.1125427504535 71.25
858 1013.6603433874556 71.66666666666667
859 1013.0305101101425 72.16666666666667
860 1014.071241733578 72.25
861 1014.5326496374315 71.16666666666667
862 1014.9153468130954 72.25
863 1020.7714720688164 71.33333333333334
864 1021.4989553104338 71.41666666666666
865 1019.7672163716528 71.08333333333333
866 1017.7650259491079 71.25
867 1016.6077339437769 71.5
868 1012.808785868019 72.08333333333333
869 1016.7036264579918 72.08333333333333
870 1016.3834101530979 71.91666666666666
871 1014.634728062705 71.41666666666666
872 1018.3663184408518 72.0
873 1018.0295124206149 71.66666666666667
874 1014.0818056104794 71.83333333333334
875 1011.461672892463 72.08333333333333
876 1008.6392620151956 72.0
877 1015.5914473027367 71.16666666666667
878 1017.6408898921334 71.33333333333334
879 1013.1851194335765 71.66666666666667
880 1018.0003059064684 71.25
881 1024.4939654797627 71.0
882 1021.1440998793134 71.25
883 1021.2252079859717 71.0
884 1013.5890586237044 71.75
885 1013.8070990493867 71.41666666666666
886 1012.1191629224737 71.33333333333334
887 1008.2636873377313 71.5
888 1011.6903527194522 72.16666666666667
889 1010.01189791814 71.33333333333334
890 1011.9870826217808 71.25
891 1016.9709328330055 71.0
892 1014.4365265973906 70.91666666666666
893 1012.7615775915733 70.75
894 1009.0669551809307 71.5
895 1004.3862634035194 71.58333333333333
896 1004.0036210397216 71.66666666666667
897 1026.9218884600357 70.75
898 1031.2550565452782 69.75
899 1023.0811598702595 70.41666666666667
900 1015.9660343984543 70.75
901 1013.5750185532548 71.08333333333333
902 1025.2824406643358 70.41666666666667
903 1022.8435959104949 70.41666666666667
904 1018.41814563387 70.83333333333334
905 1011.6429037587853 71.5
906 1010.0872319187534 71.33333333333334
907 1008.7565123433003 71.58333333333333
908 1007.5165353541969 71.66666666666667
909 1006.1155868939514 71.25
910 1007.2111274159951 71.66666666666667
911 1022.089301406138 70.25
912 1020.4057732967915 70.83333333333334
913 1012.6459763120963 71.16666666666667
914 1011.5146041594064 71.25
915 1005.2617030059938 71.58333333333333
916 1004.8082621171679 71.58333333333333
917 999.8454458727255 71.75
918 1006.4656711158476 70.83333333333334
919 1008.6984894150885 71.08333333333333
920 1003.2023163624655 71.41666666666666
921 1003.5108147738857 71.58333333333333
922 1005.7637111516713 71.91666666666666
923 1007.2278796088905 71.33333333333334
924 1002.9939022790131 71.5
925 999.6811234622436 71.41666666666666
926 999.2133287065988 71.75
927 996.9814727648853 71.41666666666666
928 998.3479050245464 72.16666666666667
929 1009.0073842741505 71.16666666666667
930 1011.6364634192336 71.16666666666667
931 1014.1941036932604 70.66666666666667
932 1005.94396344495 71.66666666666667
933 1001.2551411872088 71.75
934 1002.0814691287628 71.58333333333333
935 1001.3917896630969 71.5
936 995.7790370603686 72.25
937 995.7092874079481 71.75
938 993.5836862058126 71.91666666666666
939 995.5649129871059 72.08333333333333
940 1000.3424054037471 71.66666666666667
941 999.9700355951621 71.41666666666666
942 998.5703767707543 71.33333333333334
943 995.7140404668954 72.0
944 996.8883140186639 71.5
945 993.3084762531803 72.25
946 993.265262547748 71.75
947 994.6832622978623 72.0
948 992.0705427606526 72.0
949 992.3988534474148 72.5
950 991.5442153332531 71.66666666666667
951 993.7160566565411 72.25
952 994.443343182499 71.83333333333334
953 1000.3577544564027 71.08333333333333
954 999.3411970933568 71.41666666666666
955 1000.4434891367373 71.5
956 995.8845214038348 71.0
957 994.9213246114144 71.41666666666666
958 999.830657179605 71.5
959 1001.4077592762839 71.66666666666667
960 997.2186472808884 71.66666666666667
961 994.8909410334809 71.75
962 989.248295981985 72.41666666666666
963 990.6639106919758 72.08333333333333
964 988.6756531551955 72.0
965 987.1542951423937 72.0
966 988.1515953012973 71.83333333333334
967 995.7068559722854 71.5
968 995.1300038831973 71.66666666666667
969 994.199294880721 72.08333333333333
970 991.1692658852436 72.08333333333333
971 993.0040181948702 71.75
972 991.6099609008808 72.16666666666667
973 992.408348753456 72.0
974 993.8626289764857 72.33333333333334
975 1027.688994451094 71.41666666666666
976 1041.2174160817215 70.08333333333333
977 1048.6306500300507 69.5
978 1024.8824914288118 70.16666666666667
979 1024.1900153379568 70.16666666666667
980 1019.8586794332001 70.66666666666667
981 1007.7387980137732 71.16666666666667
982 1004.1593087080547 71.08333333333333
983 1003.7945809086891 70.83333333333334
984 1002.8713301290204 71.66666666666667
985 1001.1316551353292 71.25
986 1000.3013093346534 71.25
987 1003.729273274554 71.5
988 1003.4495277680417 71.75
989 1015.8198802693173 71.0
990 997.8236969885296 71.33333333333334
991 995.8773314776381 71.66666666666667
992 993.1940985773232 71.75
993 993.47652060036 71.83333333333334
994 993.2302136110073 72.08333333333333
995 992.1470300836036 71.66666666666667
996 995.4737050409269 71.75
997 995.7952879099618 71.91666666666666
998 994.2197997511946 71.25
999 993.2282252062039 71.33333333333334
1000 989.1368015510493 72.0
1001 990.4034088889299 71.58333333333333
1002 988.4743816581235 72.41666666666666
1003 987.6618206046885 72.25
1004 986.8561601676639 72.41666666666666
1005 990.0954770088875 71.83333333333334
1006 990.6151416323772 72.08333333333333
1007 989.2804768407532 72.25
1008 990.9977597385645 71.91666666666666
1009 989.9949234837399 71.66666666666667
1010 993.8071332096356 71.58333333333333
1011 1003.3709016709392 71.41666666666666
1012 1001.4807604780857 72.16666666666667
1013 993.4363161624186 71.75
1014 990.533121108843 72.5
1015 985.2505309514686 71.91666666666666
1016 988.5853197674453 71.83333333333334
1017 987.3072983681814 72.0
1018 988.4396484362791 71.41666666666666
1019 986.4530965584909 71.91666666666666
1020 988.8388474022306 71.5
1021 990.1784239589989 71.5
1022 992.281589732407 72.0
1023 997.6133605082729 71.0
1024 995.2281424606498 71.5
1025 990.4523929811783 72.5
1026 989.0609736622084 72.33333333333334
1027 985.9203780793971 72.25
1028 987.4052109058664 72.08333333333333
1029 993.1613609362688 71.25
1030 992.5001790267075 71.83333333333334
1031 990.7466514444808 71.75
1032 994.7779559269936 71.83333333333334
1033 995.0191692013852 72.08333333333333
1034 991.1010050350449 72.08333333333333
1035 989.6050400847723 71.66666666666667
1036 988.3508612017514 72.0
1037 995.0146637291131 71.75
1038 1025.292921355786 71.16666666666667
1039 1012.6590704923697 71.33333333333334
1040 1005.9340807677196 71.75
1041 1006.0396246863205 71.83333333333334
1042 1002.0790544853572 72.16666666666667
1043 999.7058843380228 71.66666666666667
1044 996.4887099486531 71.91666666666666
1045 998.3059026518978 71.25
1046 996.7917149979329 71.58333333333333
1047 996.0552280570066 71.5
1048 994.1802243350003 72.16666666666667
1049 998.544548105779 71.75
1050 994.0481687521853 71.58333333333333
1051 992.2199711151932 71.83333333333334
1052 993.4062475368067 71.58333333333333
1053 994.0065611486327 72.33333333333334
1054 991.4413100839288 72.08333333333333
1055 993.1366447659249 72.0
1056 998.5971502769629 71.16666666666667
1057 992.778351529051 71.75
1058 987.3088756128728 72.83333333333334
1059 984.7421863952861 73.0
1060 982.9758741392927 73.0
1061 983.7619386406662 73.0
1062 985.0835809263369 72.5
1063 991.2038571172869 72.5
1064 991.4721902697007 71.91666666666666
1065 988.5952205159468 72.16666666666667
1066 989.1149740848015 72.08333333333333
1067 986.7432811126148 72.58333333333333
1068 991.6169493987437 72.58333333333333
1069 989.0272067222729 72.5
1070 982.8992430563774 73.16666666666667
1071 982.4003079740713 72.75
1072 983.9117695420806 72.91666666666666
1073 980.6369420059491 72.91666666666666
1074 977.1950416801551 72.91666666666666
1075 981.6672168161388 72.58333333333333
1076 981.52031394378 72.58333333333333
1077 988.3184835089407 72.5
1078 1008.029806418877 71.41666666666666
1079 1004.8519406848377 72.16666666666667
1080 1018.309890049243 70.33333333333334
1081 1008.2480191770845 71.83333333333334
1082 1000.740054723205 71.91666666666666
1083 992.5012986625627 71.75
1084 989.625279486322 72.25
1085 984.9025358745894 72.66666666666667
1086 979.5671389496043 73.0
1087 983.1265875817188 72.58333333333333
1088 979.5509791296066 72.91666666666666
1089 1008.7149445720439 71.5
1090 1003.0716481040022 71.58333333333333
1091 990.4016809613744 72.08333333333333
1092 988.7992902426179 72.0
1093 987.5326920202621 72.16666666666667
1094 990.3915620758485 72.16666666666667
1095 983.7439007308064 72.41666666666666
1096 980.5638801967433 72.75
1097 983.0087456374298 72.58333333333333
1098 988.5316164771009 71.58333333333333
1099 984.717492198692 72.41666666666666
1100 983.6042980982876 72.41666666666666
1101 981.4622745948337 72.75
1102 985.3110361495175 72.58333333333333
1103 977.5948940389267 72.08333333333333
1104 977.4452146516534 72.16666666666667
1105 979.6802759071855 72.08333333333333
1106 979.4015229950254 72.66666666666667
1107 976.7820582986154 72.91666666666666
1108 980.3826842115861 72.91666666666666
1109 976.1161392692412 72.83333333333334
1110 976.0350272633033 72.5
1111 975.4628161877703 73.33333333333333
1112 974.9174914253255 72.66666666666667
1113 977.2888388191022 72.75
1114 968.7368428185563 72.91666666666666
1115 966.7288391883721 73.08333333333333
1116 976.9628014701625 72.16666666666667
1117 977.4080369194394 72.41666666666666
1118 976.6017578317255 72.75
1119 971.9461410965439 72.58333333333333
1120 967.3325331368354 72.91666666666666
1121 970.4797232464657 73.08333333333333
1122 978.8518592158064 72.33333333333334
1123 983.4000935565621 72.16666666666667
1124 978.7982027971193 72.33333333333334
1125 968.5906855881225 72.66666666666667
1126 965.4403302723537 73.33333333333333
1127 966.221702431684 72.91666666666666
1128 966.562515767063 72.91666666666666
1129 966.8807714882245 73.5
1130 965.848171646559 72.75
1131 969.6034722215718 72.91666666666666
1132 970.084002879642 73.33333333333333
1133 968.3811466813437 73.16666666666667
1134 965.5054746137191 73.25
1135 970.8092150835175 72.58333333333333
1136 966.0341787789819 72.83333333333334
1137 971.2395255503546 72.33333333333334
1138 976.4764270207522 72.75
1139 998.0522502795467 71.66666666666667
1140 1015.5163106803458 70.83333333333334
1141 1032.2838381660806 70.0
1142 1011.9685177302167 70.25
1143 997.72546587331 70.58333333333333
1144 989.243950566833 71.08333333333333
1145 980.5068938174254 72.16666666666667
1146 980.3563433618233 72.58333333333333
1147 977.4882759916612 72.58333333333333
1148 975.6789999770733 72.75
1149 974.2261344578312 72.25
1150 970.0564508983153 72.41666666666666
1151 969.7791000461032 73.0
1152 971.1445088667394 72.16666666666667
1153 972.5197315833267 73.0
1154 969.765652067291 72.83333333333334
1155 971.6590780987433 72.58333333333333
1156 971.5209084060943 72.83333333333334
1157 971.6619876311798 72.5
1158 975.1179361858161 71.91666666666666
1159 976.3097654655061 71.66666666666667
1160 980.680176357566 72.16666666666667
1161 981.5960902275975 72.25
1162 977.904059201906 72.58333333333333
1163 975.9397965126246 72.91666666666666
1164 968.7588786608579 73.16666666666667
1165 969.4008431256359 73.08333333333333
1166 965.1017248058856 73.16666666666667
1167 967.0607930100899 73.0
1168 968.1209397462679 73.33333333333333
1169 960.66519684097 73.5
1170 966.8828584690316 73.58333333333333
1171 964.389378449878 72.5
1172 966.9250268885612 73.08333333333333
1173 963.0988042999369 72.91666666666666
1174 962.7148420280611 73.5
1175 963.7047660482941 73.66666666666667
1176 966.8580928355886 73.16666666666667
1177 963.6087464667702 73.25
1178 969.9239981682354 72.75
1179 971.135899762503 72.66666666666667
1180 989.450778277966 72.5
1181 1025.8083896554342 70.83333333333334
1182 1048.700053004747 70.08333333333333
1183 1086.797786906019 68.5
1184 1097.4625823717106 68.25
1185 1055.786130979448 69.0
1186 1039.207100626875 70.33333333333334
1187 1017.0888211831643 71.75
1188 1004.0616461958748 71.83333333333334
1189 1009.8667785014937 71.91666666666666
1190 1005.2790002199524 71.75
1191 992.6203628926247 72.33333333333334
1192 985.6043475823541 72.91666666666666
1193 982.4716936364114 73.33333333333333
1194 981.2439333473336 73.41666666666666
1195 981.4138315715049 73.5
1196 982.3018360204294 73.0
1197 983.8328116546506 73.25
1198 980.7129742421564 73.66666666666667
1199 971.1323311913017 73.75
1200 968.197223442986 74.0
1201 969.7035576609438 73.66666666666667
1202 970.8623416727839 73.58333333333333
1203 965.267912297037 74.16666666666667
1204 964.6156381881636 74.25
1205 965.8635430322179 73.83333333333333
1206 966.4654346181761 73.58333333333333
1207 981.7835336384543 72.83333333333334
1208 976.7378915911829 72.33333333333334
1209 978.3433545530623 72.83333333333334
1210 979.640016435458 73.0
1211 976.3895558339885 72.75
1212 971.7011742641106 73.5
1213 967.4653419864633 73.91666666666666
1214 965.8680237714254 73.66666666666667
1215 966.5099254378475 73.58333333333333
1216 964.1744520529071 73.83333333333333
1217 962.6822961518766 74.16666666666667
1218 965.0649699924788 73.58333333333333
1219 969.5906801560004 74.0
1220 967.0167005856799 73.66666666666667
1221 970.8143294706604 73.25
1222 968.2202333700128 73.5
1223 965.2307941864335 74.0
1224 964.1745944349257 73.75
1225 964.2524175751838 72.75
1226 965.2738738791384 73.16666666666667
1227 961.4846882890729 73.16666666666667
1228 960.677213015599 73.5
1229 960.4372420424987 73.33333333333333
1230 960.7113230253395 73.75
1231 963.9302315900369 73.41666666666666
1232 973.4287783782472 72.75
1233 975.9650690876613 73.08333333333333
1234 968.3774122608784 73.25
1235 966.1590572940572 73.5
1236 969.9531966547293 73.66666666666667
1237 970.2903033852649 73.25
1238 965.9617526864952 73.33333333333333
1239 964.4115350576319 73.5
1240 960.0860155925178 74.08333333333333
1241 960.8763603230464 73.75
1242 958.8317924286433 73.66666666666667
1243 955.9328881202317 74.33333333333333
1244 956.7185986421972 74.41666666666666
1245 968.1420565714087 73.75
1246 960.9265340795872 73.83333333333333
1247 960.1968856007792 73.91666666666666
1248 964.5646795171374 73.75
1249 959.7861335490642 74.0
1250 966.0543552760814 73.58333333333333
1251 967.2453278000999 73.33333333333333
1252 962.2337089181669 73.41666666666666
1253 958.0471875154551 73.91666666666666
1254 967.5526217514116 73.33333333333333
1255 973.3809043271474 72.91666666666666
1256 969.4068521319231 73.25
1257 974.5372204655122 72.58333333333333
1258 967.5679859717607 73.66666666666667
1259 963.9230871288271 73.66666666666667
1260 957.8581803752226 74.33333333333333
1261 964.2059601220043 73.75
1262 956.6125153268334 73.83333333333333
1263 956.7577575047134 74.0
1264 954.5269046621572 74.25
1265 960.8199875419836 74.5
1266 958.9188184524967 73.58333333333333
1267 970.119922492858 73.33333333333333
1268 983.407426762233 72.75
1269 975.6139832191415 73.5
1270 962.6908572178266 74.08333333333333
1271 960.7617952539044 74.08333333333333
1272 960.0427181586055 74.33333333333333
1273 961.0955608280061 74.0
1274 961.9657030425731 74.25
1275 960.2305250194864 74.0
1276 956.7913039592246 74.08333333333333
1277 962.7392496369854 74.16666666666667
1278 965.4317994201473 73.66666666666667
1279 962.8465788307844 73.5
1280 971.58395150346 73.33333333333333
1281 967.5242837124565 73.33333333333333
1282 967.9289128203287 73.66666666666667
1283 964.9886771114457 73.58333333333333
1284 958.5116424751282 74.58333333333333
1285 957.0344248707546 74.08333333333333
1286 951.8453520775068 74.58333333333333
1287 945.5435396080861 74.75
1288 946.476769324895 75.0
