0 1965.9168910680976 20.083333333333332
1 1950.9949506838461 21.166666666666668
2 1941.524261775925 21.833333333333332
3 1935.066830102379 22.833333333333332
4 1930.3667345865458 23.333333333333332
5 1926.8022760842907 23.75
6 1923.9570080029603 23.75
7 1921.5409831130642 23.916666666666668
8 1919.3876669570277 24.166666666666668
9 1917.3921781464655 24.583333333333332
10 1915.4844786641888 25.5
11 1913.61588883927 25.5
12 1911.7514725044061 26.083333333333332
13 1909.8655269520548 25.833333333333336
14 1907.9388871526685 26.0
15 1905.9573459656435 26.166666666666664
16 1903.9107736789158 26.416666666666664
17 1901.792646832097 26.75
18 1899.59969988173 26.666666666666668
19 1897.3313955129731 27.166666666666668
20 1894.989150262608 27.500000000000004
21 1892.5757155686986 27.916666666666668
22 1890.0949957412006 27.916666666666668
23 1887.5517654429143 27.916666666666668
24 1884.9507091386117 28.083333333333332
25 1882.2954120776885 28.333333333333332
26 1879.5885539545766 28.333333333333332
27 1876.8336451622565 28.666666666666668
28 1874.0373279332985 28.916666666666668
29 1871.2103304896334 28.999999999999996
30 1868.365573317177 28.999999999999996
31 1865.5145608261007 29.083333333333332
32 1862.6648367034827 29.333333333333332
33 1859.8195071777934 29.583333333333332
34 1856.9781470701284 30.0
35 1854.1384736578068 30.333333333333336
36 1851.2993638961382 30.583333333333336
37 1848.466563386644 31.166666666666664
38 1845.6557000310097 31.25
39 1842.8826687333676 31.416666666666664
40 1840.1500669475718 31.833333333333336
41 1837.4459994366566 32.083333333333336
42 1834.752172330996 31.833333333333336
43 1832.051532148932 32.083333333333336
44 1829.3324398958252 32.166666666666664
45 1826.5886608356313 32.416666666666664
46 1823.814686288948 32.33333333333333
47 1821.0021000352197 32.83333333333333
48 1818.155437864012 33.08333333333333
49 1815.3120028627163 33.666666666666664
50 1812.4897530379676 34.25
51 1809.6638846161652 34.75
52 1806.8097212124537 34.583333333333336
53 1803.9144776334565 34.91666666666667
54 1800.9707038580573 35.0
55 1797.9769639509186 35.16666666666667
56 1794.9378396190323 35.5
57 1791.8549378583737 35.5
58 1788.7136391475826 35.833333333333336
59 1785.4711025044992 35.833333333333336
60 1782.130799064703 36.0
61 1778.8227225781857 36.0
62 1775.5664669764017 36.583333333333336
63 1772.3425553443103 36.666666666666664
64 1769.1822012905639 36.583333333333336
65 1766.1036984254738 36.583333333333336
66 1763.1193206041348 36.583333333333336
67 1760.2310892368632 36.583333333333336
68 1757.4165665782805 36.666666666666664
69 1754.637903342959 37.0
70 1751.8569487250527 37.166666666666664
71 1749.0480489260979 37.416666666666664
72 1746.1981871486953 37.666666666666664
73 1743.2865879935375 37.75
74 1740.3017035765276 38.083333333333336
75 1737.2972991217514 38.0
76 1734.3244181168864 38.25
77 1731.3731419738783 38.416666666666664
78 1728.4362210487866 38.666666666666664
79 1725.5099590511686 38.666666666666664
80 1722.5957867901238 38.58333333333333
81 1719.684083801423 38.916666666666664
82 1716.732706839081 38.83333333333333
83 1713.705489530519 39.25
84 1710.6590275919732 39.33333333333333
85 1707.7120726087976 39.916666666666664
86 1704.8959620370008 39.916666666666664
87 1702.1876889671325 40.33333333333333
88 1699.5652061861797 40.416666666666664
89 1697.0017427813423 40.416666666666664
90 1694.4625210442498 40.91666666666667
91 1691.8869648652928 40.91666666666667
92 1689.2099236379333 41.333333333333336
93 1686.4667743773005 41.5
94 1683.74540088688 41.75
95 1680.9930849797615 41.833333333333336
96 1678.0869354442298 42.0
97 1675.027077023833 42.16666666666667
98 1672.047901348389 42.583333333333336
99 1669.2414006634253 42.75
100 1666.5129338166143 43.0
101 1663.7133064576885 43.083333333333336
102 1660.6364608654155 43.583333333333336
103 1657.032528244447 43.583333333333336
104 1653.5359560701033 43.583333333333336
105 1650.1708340948842 43.583333333333336
106 1646.8538217982668 43.833333333333336
107 1643.8362152217685 44.166666666666664
108 1641.199175469881 44.166666666666664
109 1638.6841281170086 44.416666666666664
110 1636.1429094398388 44.416666666666664
111 1633.570363712471 44.416666666666664
112 1630.9965073444348 44.5
113 1628.3998726280633 44.583333333333336
114 1625.7541811944568 44.666666666666664
115 1623.0155868594577 44.75
116 1620.0791727442884 44.75
117 1616.861796723322 45.166666666666664
118 1613.593230025874 45.08333333333333
119 1610.3038475783414 45.33333333333333
120 1606.9600733863288 45.666666666666664
121 1603.9362828242215 45.75
122 1601.2813980604683 45.666666666666664
123 1598.7556086695665 45.916666666666664
124 1596.1482379516249 45.916666666666664
125 1593.3367383737448 46.166666666666664
126 1590.3891004797617 46.33333333333333
127 1587.4193819653442 46.416666666666664
128 1584.4585885337656 46.416666666666664
129 1581.4335812980735 46.833333333333336
130 1578.221023313346 46.916666666666664
131 1575.1217742045255 47.333333333333336
132 1572.4254512945147 47.41666666666667
133 1569.960333642045 47.583333333333336
134 1567.6358823022435 47.66666666666667
135 1565.3959550466573 47.66666666666667
136 1563.2043917084027 47.833333333333336
137 1561.0192999061073 47.833333333333336
138 1558.8278387924563 47.91666666666667
139 1556.6179486627145 48.25
140 1554.2605271888674 48.41666666666667
141 1551.4446055124733 48.5
142 1548.4512880435382 48.833333333333336
143 1546.0513612463492 48.91666666666667
144 1543.8758966265152 49.25
145 1541.7544507935354 49.416666666666664
146 1539.5718543173277 49.583333333333336
147 1537.2317786017468 49.5
148 1534.5738224219674 49.583333333333336
149 1531.5113096195037 49.666666666666664
150 1528.5266714020727 49.75
151 1525.674789928973 50.0
152 1522.80444686096 49.833333333333336
153 1519.8152406264735 49.916666666666664
154 1516.8684339885704 50.0
155 1514.5392087356674 50.33333333333333
156 1512.4853958990573 50.5
157 1510.4650124869183 50.5
158 1508.3235576006748 50.74999999999999
159 1506.0861598960864 51.0
160 1504.0139352962108 51.16666666666667
161 1501.8733686883463 51.33333333333333
162 1499.3405639230386 51.5
163 1496.6812338507589 51.33333333333333
164 1494.397211090628 51.5
165 1492.1904342796713 51.74999999999999
166 1489.9600658739014 51.74999999999999
167 1487.7126584964315 52.083333333333336
168 1485.488211428807 52.083333333333336
169 1483.2944121852174 52.083333333333336
170 1481.1524207432612 52.33333333333333
171 1479.038278400802 52.583333333333336
172 1476.935929069 52.583333333333336
173 1474.8153632437234 52.83333333333333
174 1472.6079832090586 52.916666666666664
175 1470.259398373565 53.083333333333336
176 1467.767281702962 53.166666666666664
177 1465.2619403973547 53.5
178 1462.8202878257614 53.666666666666664
179 1460.605055299166 53.75
180 1458.4794592982937 54.0
181 1455.821661780876 54.0
182 1453.6409050257287 54.0
183 1451.8142736406166 54.166666666666664
184 1449.9656869951987 54.166666666666664
185 1448.0608343295476 54.166666666666664
186 1446.0662861367798 54.25
187 1444.0100552881797 54.333333333333336
188 1441.9655339670508 54.41666666666667
189 1439.8893840026863 54.50000000000001
190 1437.5402428293773 54.666666666666664
191 1434.396136016192 54.666666666666664
192 1431.576026702934 55.08333333333333
193 1429.8921154611473 54.833333333333336
194 1428.4239592229767 55.25
195 1427.0307863423532 55.166666666666664
196 1425.6716333974869 55.00000000000001
197 1424.3340632299314 55.166666666666664
198 1423.0069021514735 55.666666666666664
199 1421.6832166989975 55.666666666666664
200 1420.3723065125437 55.75
201 1419.0675606967932 55.833333333333336
202 1417.72989555317 55.91666666666667
203 1416.3001346000876 56.333333333333336
204 1414.6865426857198 56.41666666666667
205 1412.727386166951 56.58333333333333
206 1410.3029338497363 56.666666666666664
207 1407.8830467365813 56.666666666666664
208 1405.3683811714948 56.75
209 1402.8314405892602 56.833333333333336
210 1400.2941816633215 57.08333333333333
211 1397.6797792220602 57.08333333333333
212 1395.328448999948 57.25
213 1393.038807409316 57.41666666666667
214 1390.451858779422 57.49999999999999
215 1387.4825841943334 57.49999999999999
216 1384.3832987999024 57.666666666666664
217 1381.0645094965173 57.666666666666664
218 1378.3855407247904 57.75
219 1376.3372512152296 57.75
220 1374.3457039315967 57.833333333333336
221 1372.3078547932043 58.08333333333333
222 1370.1693529125405 58.25
223 1368.026607182796 58.333333333333336
224 1366.0607634149098 58.666666666666664
225 1364.2136505292935 58.75
226 1362.20266658275 58.916666666666664
227 1359.9080079164553 59.08333333333333
228 1357.1082545828951 59.08333333333333
229 1354.4592461154662 59.25
230 1352.2800080633142 59.333333333333336
231 1350.230539740477 59.5
232 1348.1781587695443 59.5
233 1346.2923103711064 59.583333333333336
234 1344.4547798342935 59.583333333333336
235 1342.6740746848186 59.66666666666667
236 1341.0934149695884 59.75
237 1339.571590767713 59.75
238 1337.9543120336061 59.833333333333336
239 1336.029198052872 59.833333333333336
240 1333.7006378453768 59.833333333333336
241 1331.8904086788216 59.833333333333336
242 1330.2641058770062 59.833333333333336
243 1328.5373244973425 60.0
244 1326.748838124069 60.25
245 1325.1759197448853 60.25
246 1323.6446183887128 60.25
247 1322.0887598258346 60.25
248 1320.458270693828 60.25
249 1318.6250929726848 60.16666666666667
250 1316.3807166381057 60.333333333333336
251 1314.1384482521264 60.5
252 1311.8667353206113 60.333333333333336
253 1309.3100097211538 60.5
254 1306.49673473261 60.583333333333336
255 1304.5114006216156 60.75000000000001
256 1302.7300810917427 60.916666666666664
257 1300.9515552472735 60.916666666666664
258 1299.1447435885 60.916666666666664
259 1297.2661989978176 61.0
260 1295.5181844860722 61.0
261 1293.822017945667 60.75000000000001
262 1292.0829484614458 60.83333333333333
263 1290.1415942470978 60.5
264 1287.7509143680543 60.416666666666664
265 1285.9586094742006 60.333333333333336
266 1284.430921770445 60.416666666666664
267 1282.9490029173253 60.416666666666664
268 1281.4563812875526 60.583333333333336
269 1279.905745832875 60.75000000000001
270 1278.3463398500644 60.75000000000001
271 1277.0122864739717 60.75000000000001
272 1275.683357819491 60.75000000000001
273 1274.232257169776 60.66666666666667
274 1272.5715670168267 60.83333333333333
275 1271.0472908150416 61.083333333333336
276 1269.7397513359913 61.0
277 1268.433979393598 60.916666666666664
278 1267.1618249522942 60.83333333333333
279 1265.9269483850883 60.83333333333333
280 1264.7000944728513 60.583333333333336
281 1263.37249255625 60.75000000000001
282 1261.8144124593746 60.83333333333333
283 1260.0897922531078 61.083333333333336
284 1258.5262106302666 61.5
285 1256.8808472254516 61.583333333333336
286 1255.0775871056835 61.5
287 1253.1534660857085 61.5
288 1251.1327775398754 61.583333333333336
289 1249.2403940211418 61.66666666666667
290 1247.545629786662 61.83333333333333
291 1245.87419581133 62.16666666666667
292 1243.9000325639713 62.33333333333333
293 1241.112459177827 62.16666666666667
294 1238.8658434011925 62.416666666666664
295 1236.9737802859477 62.33333333333333
296 1234.6341133114918 62.5
297 1233.151732523762 62.5
298 1231.9395796305514 62.83333333333333
299 1230.7496076847788 62.83333333333333
300 1229.5153410201517 63.0
301 1228.1181987870789 63.0
302 1226.3179880254338 63.16666666666667
303 1224.221776214843 63.33333333333333
304 1222.3055927582943 63.5
305 1221.1417794327438 63.583333333333336
306 1220.0559893435016 63.583333333333336
307 1218.9959104158327 63.583333333333336
308 1217.9441662772265 63.583333333333336
309 1216.8842727112267 63.74999999999999
310 1215.8050442344959 63.74999999999999
311 1214.7078923991269 63.916666666666664
312 1213.5730757714932 63.916666666666664
313 1212.3460933513873 64.0
314 1210.942489069402 64.0
315 1209.4564617988103 64.0
316 1208.3565649861841 64.16666666666667
317 1207.3415814283242 64.08333333333334
318 1206.32596192231 64.08333333333334
319 1205.256379939486 64.08333333333334
320 1204.109264904694 64.08333333333334
321 1202.8701891305075 64.0
322 1201.5681552132646 64.08333333333334
323 1200.2445985793718 64.08333333333334
324 1198.9297550497115 64.33333333333333
325 1197.632740816978 64.41666666666667
326 1196.3313722013902 64.33333333333333
327 1194.9823542236393 64.25
328 1193.4201629304237 64.16666666666667
329 1191.6061532499145 64.16666666666667
330 1189.9818756991208 64.25
331 1188.602622494871 64.5
332 1187.2847288978141 64.5
333 1186.0355824714225 64.75
334 1184.8094804569512 64.91666666666667
335 1183.4131917821167 65.08333333333334
336 1182.1152721686447 65.16666666666666
337 1180.9739472720412 65.16666666666666
338 1179.7621942207022 65.33333333333333
339 1178.495792947921 65.41666666666667
340 1177.114900022011 65.5
341 1175.5524771953994 65.58333333333334
342 1173.6971767018215 65.41666666666667
343 1171.61742123835 65.41666666666667
344 1169.0082609812548 65.41666666666667
345 1166.698898020346 65.5
346 1165.4620937013865 65.41666666666667
347 1164.264452469573 65.5
348 1162.9416466708074 65.58333333333334
349 1161.5126553021566 65.58333333333334
350 1160.05998092401 65.41666666666667
351 1157.5867966503818 65.58333333333334
352 1155.5527933299304 65.83333333333333
353 1154.1859534874404 66.0
354 1152.882117948559 66.16666666666666
355 1151.3930097206419 66.25
356 1149.0799051186689 66.25
357 1147.7331971196845 66.25
358 1146.1732925885335 66.33333333333333
359 1144.7823297316975 66.41666666666667
360 1143.4597853188432 66.5
361 1141.3917832741065 66.41666666666667
362 1140.2865080676959 66.58333333333334
363 1138.7534349436646 66.41666666666667
364 1137.8358620031934 66.66666666666666
365 1135.7377233516274 66.5
366 1134.7735450937414 66.58333333333334
367 1133.0865100059032 66.5
368 1132.431867032576 66.75
369 1130.7203729381245 66.58333333333334
370 1129.9130202125957 66.83333333333333
371 1128.3275895805489 66.66666666666666
372 1127.4093345800802 66.83333333333333
373 1125.7062777600604 66.83333333333333
374 1124.1076905771788 66.91666666666667
375 1122.6156455482178 66.83333333333333
376 1121.404715636403 66.91666666666667
377 1119.7675986178963 66.83333333333333
378 1118.5594179142029 67.0
379 1116.4393115940138 66.83333333333333
380 1114.1051273577737 66.91666666666667
381 1112.1879365764469 66.91666666666667
382 1110.1831126362492 67.08333333333333
383 1107.9227868498624 67.16666666666666
384 1106.2984427286294 67.33333333333333
385 1104.8458066581734 67.25
386 1103.5316861544218 67.5
387 1101.8368698684853 67.66666666666666
388 1100.2874554845373 67.58333333333333
389 1099.357374077884 67.83333333333333
390 1098.2606995638043 67.83333333333333
391 1096.0847639088295 68.08333333333333
392 1093.286170068811 68.16666666666666
393 1090.5244654295118 68.16666666666666
394 1089.1859120394354 68.0
395 1087.4410882681077 68.08333333333333
396 1086.4915612186824 68.08333333333333
397 1085.6639389185432 68.08333333333333
398 1084.9400980835603 68.25
399 1083.5249295756212 68.33333333333333
400 1081.4366191468387 68.5
401 1080.4642616647798 68.66666666666667
402 1078.6442739764198 68.58333333333333
403 1076.7019561440716 68.75
404 1075.5047108020124 68.66666666666667
405 1072.9885037175457 68.75
406 1071.7577457909194 68.66666666666667
407 1071.3785109555697 68.83333333333333
408 1070.7001633240307 68.91666666666667
409 1069.4225497221028 69.0
410 1069.5614059821205 69.08333333333333
411 1067.0253933904712 69.08333333333333
412 1067.4133923203585 69.75
413 1066.6730915675926 69.41666666666667
414 1065.9203327039481 69.83333333333334
415 1064.8619818975092 69.66666666666667
416 1064.8002062614844 70.0
417 1063.7387398033786 69.91666666666667
418 1062.6367451692129 70.0
419 1061.4217894440546 69.75
420 1062.0306148477991 70.16666666666667
421 1059.8535012545483 70.08333333333333
422 1060.1831911573913 70.33333333333334
423 1057.6387555580434 70.33333333333334
424 1056.7770309601779 70.5
425 1054.9223307120499 70.41666666666667
426 1055.3929739122 70.5
427 1056.2545476425746 70.5
428 1055.4531583505345 70.41666666666667
429 1052.9773951476825 70.33333333333334
430 1050.9077054415593 70.5
431 1048.1027391582395 70.58333333333333
432 1044.2808409033498 70.58333333333333
433 1042.8910518312575 70.75
434 1039.107542099238 70.91666666666666
435 1037.9222196727133 70.66666666666667
436 1037.9974706111805 70.75
437 1038.3102919080804 70.75
438 1034.5703222375898 70.83333333333334
439 1032.2023442320292 71.0
440 1031.1984418164873 71.08333333333333
441 1031.6301381632725 70.91666666666666
442 1030.3774520368447 71.0
443 1029.1679786125471 70.83333333333334
444 1026.9989752724362 71.08333333333333
445 1025.21688920107 70.91666666666666
446 1025.8247430065774 71.0
447 1027.8671203439812 71.0
448 1026.0770382224475 70.83333333333334
449 1023.4280573984342 71.0
450 1023.156827538775 70.83333333333334
451 1021.4091096283084 71.16666666666667
452 1020.0443174470822 70.91666666666666
453 1019.6617105772577 71.08333333333333
454 1023.1862681069031 70.83333333333334
455 1021.80556066014 71.25
456 1018.3519521611545 71.25
457 1017.6816214013247 71.0
458 1015.0764944027147 71.16666666666667
459 1015.2049000931328 71.25
460 1013.6671651050605 71.08333333333333
461 1011.2998965973061 71.41666666666666
462 1007.849324042562 71.33333333333334
463 1011.9385976376437 71.33333333333334
464 1012.2251451234973 71.16666666666667
465 1014.0853291162343 71.41666666666666
466 1011.1236299662812 71.33333333333334
467 1006.3731338460383 71.41666666666666
468 1005.97899012695 71.33333333333334
469 1005.483914052158 71.25
470 1003.292876247181 71.25
471 1003.4531708094307 71.41666666666666
472 999.4654252317068 71.58333333333333
473 1001.1660212796135 71.33333333333334
474 1000.3689222791743 71.5
475 997.2427843753882 71.5
476 995.526304833744 71.5
477 995.1945090573817 71.33333333333334
478 993.2341078438998 71.5
479 996.5397646675516 71.16666666666667
480 998.6696477105615 71.58333333333333
481 995.9363484318975 71.66666666666667
482 994.4418342078325 71.25
483 990.7462391532152 71.41666666666666
484 992.5100831594581 71.41666666666666
485 990.2662000315341 71.41666666666666
486 987.6820780309912 71.5
487 985.9966908843963 71.66666666666667
488 988.888496043376 71.5
489 989.1309130795753 71.41666666666666
490 985.1585091917055 71.83333333333334
491 982.4977599239393 71.75
492 981.2793622943688 71.5
493 979.171114494673 71.66666666666667
494 980.1702816184102 71.83333333333334
495 980.6552181723403 72.16666666666667
496 980.678815605606 71.58333333333333
497 980.0675039662709 71.83333333333334
498 977.1854763487291 71.83333333333334
499 971.5269206712838 72.25
500 971.928479460277 72.16666666666667
501 975.2180236004441 72.0
502 972.4001961729265 72.16666666666667
503 970.3376372406536 72.41666666666666
504 967.0229519054999 72.25
505 967.0237943228777 72.33333333333334
506 969.3880391253656 72.25
507 967.3407849318884 72.25
508 961.8004464753712 72.25
509 959.7110118354201 72.58333333333333
510 961.3460313872555 72.25
511 958.986358122538 72.41666666666666
512 955.5443005076562 72.5
513 954.8876121078686 72.41666666666666
514 950.3013647347836 72.5
515 949.2856060474625 72.41666666666666
516 951.3629756366873 72.58333333333333
517 951.9303638083272 72.33333333333334
518 949.6468695454487 72.33333333333334
519 949.2869419821645 72.33333333333334
520 946.3617701927626 72.41666666666666
521 944.475719975279 72.33333333333334
522 947.668267142839 72.58333333333333
523 945.7220477878484 72.66666666666667
524 944.2058328418497 72.5
525 944.1841933619384 72.41666666666666
526 942.1505477903514 72.58333333333333
527 938.1576660130025 72.75
528 934.4094628299035 72.83333333333334
529 934.937774565391 72.66666666666667
530 935.7126232578997 72.83333333333334
531 934.0825598720504 73.0
532 930.6419142958498 73.16666666666667
533 931.9908093868232 72.75
534 935.0500145713435 72.91666666666666
535 934.8834860499836 72.41666666666666
536 935.7204723555794 72.91666666666666
537 931.6255474252134 73.08333333333333
538 927.6360964597283 73.25
539 931.6900808190929 73.0
540 937.5502292257239 72.83333333333334
541 934.337805253768 73.0
542 933.0955153393078 72.83333333333334
543 930.2488461107921 72.75
544 931.329291163992 72.83333333333334
545 929.9675343395102 73.16666666666667
546 929.950963689013 73.08333333333333
547 929.8258456749608 72.91666666666666
548 928.4464321840859 72.66666666666667
549 927.0374921026922 72.91666666666666
550 926.2191538743476 73.16666666666667
551 925.2632280872272 73.25
552 925.5290627262497 72.91666666666666
553 926.5198225989245 72.75
554 928.1932885281979 72.75
555 924.8825005066922 72.91666666666666
556 925.3300133730776 73.08333333333333
557 925.3938643215537 73.25
558 920.7690040017704 73.08333333333333
559 923.9126567154665 73.08333333333333
560 921.1701797502308 73.16666666666667
561 921.2571820985214 73.33333333333333
562 921.128912063503 73.25
563 917.6469892342186 73.33333333333333
564 915.8107029212591 73.41666666666666
565 914.8947983302077 73.16666666666667
566 913.1085399994682 73.41666666666666
567 916.2354693398258 73.0
568 917.0237218198265 73.33333333333333
569 914.5031641805385 73.16666666666667
570 905.6607016154351 73.91666666666666
571 904.8852671894011 73.75
572 906.6068250565216 74.08333333333333
573 909.3250774726683 73.41666666666666
574 909.4496332364618 73.66666666666667
575 909.194922259176 73.5
576 908.5582591341247 73.5
577 906.9741185781394 74.08333333333333
578 907.640463065376 73.5
579 904.6626397980448 74.0
580 902.4500918313456 73.91666666666666
581 901.7184138720961 74.16666666666667
582 902.7625118406686 73.66666666666667
583 907.4049594082339 73.91666666666666
584 910.9659812277023 73.5
585 907.9296052869922 73.33333333333333
586 903.5193590314539 73.91666666666666
587 901.5742404214718 73.58333333333333
588 905.9471149451193 73.58333333333333
589 906.8062827658646 73.5
590 904.8811242177906 73.16666666666667
591 903.8137192802046 73.5
592 904.1809753582176 73.66666666666667
593 905.9699980098894 73.75
594 901.5184091533754 73.58333333333333
595 895.2197652994323 74.0
596 897.2439539678057 74.0
597 899.4628422585077 73.83333333333333
598 895.8157273014634 74.08333333333333
599 894.2205384593689 74.08333333333333
600 893.9480456041643 74.0
601 897.7253697708621 74.0
602 896.3890409745458 74.33333333333333
603 890.9614986625828 74.41666666666666
604 884.8707063267162 74.66666666666667
605 884.9286190333272 74.58333333333333
606 887.3780967577231 74.66666666666667
607 882.9433637237372 74.5
608 885.706533005132 74.58333333333333
609 886.3266094474162 74.25
610 883.811141466899 74.91666666666667
611 886.0677451224262 74.5
612 880.5867339383417 75.08333333333333
