0 1970.004451439851 20.166666666666664
1 1903.3392589338466 28.333333333333332
2 1860.0181266704772 31.833333333333336
3 1807.8582898891502 37.083333333333336
4 1759.107044156665 39.666666666666664
5 1703.8586974143907 43.583333333333336
6 1653.3727328515008 45.166666666666664
7 1609.6175801137636 49.333333333333336
8 1576.394123928233 49.583333333333336
9 1535.8191579842685 51.083333333333336
10 1499.2148555295867 52.916666666666664
11 1465.1997489694404 54.25
12 1434.8981943223864 55.50000000000001
13 1414.1520437103452 56.333333333333336
14 1394.5494702883295 57.25
15 1373.8047151953476 57.58333333333333
16 1357.6946055456797 58.416666666666664
17 1338.4057291843199 59.333333333333336
18 1318.0124858012196 60.66666666666667
19 1299.4920804331803 61.16666666666667
20 1283.1793204803234 61.33333333333333
21 1268.7305759222281 62.16666666666667
22 1251.4353457128145 63.0
23 1222.7135516601488 64.75
24 1210.7298517456993 65.08333333333334
25 1198.2493915160198 65.58333333333334
26 1180.277967738722 66.08333333333334
27 1169.483463315608 66.5
28 1152.3884264289113 67.75
29 1142.8354333354944 67.91666666666667
30 1143.1601408034378 67.66666666666666
31 1138.1419289891571 67.58333333333333
32 1120.2481172763253 68.66666666666667
33 1111.5813670857553 68.66666666666667
34 1107.503648692328 68.83333333333333
35 1102.5229075209338 69.0
36 1097.17867012277 69.0
37 1094.8541266177274 69.08333333333333
38 1078.3461415001693 69.5
39 1071.043701392031 69.5
40 1068.3472125340672 69.83333333333334
41 1056.934026936799 70.16666666666667
42 1059.2547625459945 70.0
43 1056.245988494068 69.75
44 1048.2593866243624 70.16666666666667
45 1035.067559639779 70.83333333333334
46 1023.1973938187018 70.83333333333334
47 1023.0232770665591 71.25
48 1022.588809236917 71.91666666666666
49 1012.1401571120798 72.25
50 1004.7096180279837 71.91666666666666
51 1007.2112603712814 72.08333333333333
52 992.1366669256906 72.83333333333334
53 988.5572708126615 72.83333333333334
54 988.2325144533355 72.83333333333334
55 995.4968442377781 72.16666666666667
56 977.7166381165554 72.75
57 966.0725435367846 73.41666666666666
58 971.7228170152059 73.0
59 968.0144110332272 73.08333333333333
60 961.2138143208165 73.25
61 958.0694389830674 73.5
62 959.1101105893214 73.33333333333333
63 961.0536165146368 73.16666666666667
64 961.6005523378993 73.08333333333333
65 956.7937064730554 73.08333333333333
66 961.480908913036 73.5
67 946.6356982886391 74.16666666666667
68 947.2590151093984 73.75
69 946.1305895794629 73.83333333333333
70 943.0532824186621 73.91666666666666
71 941.417594346711 73.75
72 937.3292630616933 74.0
73 934.476694149814 73.83333333333333
74 933.0200428433538 74.0
75 929.0323462095843 74.41666666666666
76 928.1633504350054 74.16666666666667
77 927.615965241301 74.41666666666666
78 935.0854034143575 73.83333333333333
79 924.6200586261846 74.25
80 912.9107632766835 74.75
81 922.8073063964991 74.41666666666666
82 912.9719641157246 74.75
83 905.8832832224483 74.58333333333333
84 907.3540959018108 74.66666666666667
85 905.8822648420562 75.0
