0 2421.8086874336464 19.066666666666666
1 2417.5689303710324 18.133333333333333
2 2416.8542051266286 19.0
3 2416.6615138008165 19.133333333333333
4 2416.5584734264025 19.26666666666667
5 2416.4703076088067 19.733333333333334
6 2416.3847323115647 19.866666666666667
7 2416.300717333605 20.0
8 2416.2188539590497 20.0
9 2416.1396413795565 20.066666666666666
10 2416.0633095318794 19.866666666666667
11 2415.9898960375667 19.866666666666667
12 2415.9193288110596 19.866666666666667
13 2415.851480127748 19.933333333333334
14 2415.786197619132 20.133333333333333
15 2415.7233210320796 20.200000000000003
16 2415.662690951134 20.266666666666666
17 2415.6041531520636 20.333333333333332
18 2415.547560625023 20.333333333333332
19 2415.492774368849 20.266666666666666
20 2415.4396635451317 20.533333333333335
21 2415.388105304437 20.533333333333335
22 2415.3379844505453 20.599999999999998
23 2415.2891930307696 20.533333333333335
24 2415.241629899064 20.599999999999998
25 2415.1952002765424 20.466666666666665
26 2415.1498153227226 20.733333333333334
27 2415.105391723943 20.8
28 2415.0618513025047 20.8
29 2415.0191206477275 20.8
30 2414.977130769388 20.8
31 2414.935816773097 20.733333333333334
32 2414.895117557113 20.733333333333334
33 2414.854975529615 20.866666666666667
34 2414.8153363455185 20.866666666666667
35 2414.7761486617455 20.866666666666667
36 2414.7373639098287 21.0
37 2414.698936084941 21.066666666666666
38 2414.6608215500855 21.133333333333333
39 2414.622978854502 21.133333333333333
40 2414.585368565337 21.333333333333336
41 2414.547953111456 21.46666666666667
42 2414.5106966386984 21.6
43 2414.473564875532 21.53333333333333
44 2414.4365250083165 21.73333333333333
45 2414.3995455655013 22.0
46 2414.3625963098857 22.133333333333333
47 2414.3256481383323 22.26666666666667
48 2414.288672988334 22.333333333333332
49 2414.2516437507093 22.26666666666667
50 2414.21453418798 22.133333333333333
51 2414.1773188579014 22.2
52 2414.139973041486 22.26666666666667
53 2414.1024726753644 22.400000000000002
54 2414.0647942877486 22.400000000000002
55 2414.0269149377973 22.466666666666665
56 2413.988812157911 22.466666666666665
57 2413.9504638986455 22.333333333333332
58 2413.9118484758865 22.400000000000002
59 2413.872944519969 22.466666666666665
60 2413.8337309265044 22.400000000000002
61 2413.7941868085086 22.466666666666665
62 2413.754291449682 22.466666666666665
63 2413.714024258567 22.666666666666664
64 2413.6733647232772 22.6
65 2413.6322923665966 22.733333333333334
66 2413.5907867012775 22.866666666666667
67 2413.5488271852155 22.866666666666667
68 2413.5063931763816 23.0
69 2413.4634638872894 22.933333333333334
70 2413.420018338747 22.933333333333334
71 2413.376035312775 22.866666666666667
72 2413.331493304455 22.866666666666667
73 2413.286370472601 22.866666666666667
74 2413.2406445889565 22.933333333333334
75 2413.194292985956 22.933333333333334
76 2413.1472925026587 22.866666666666667
77 2413.099619428982 22.8
78 2413.051249447895 22.666666666666664
79 2413.0021575756255 22.6
80 2412.9523180997703 22.6
81 2412.901704515202 22.666666666666664
82 2412.850289457935 22.666666666666664
83 2412.7980446368674 22.53333333333333
84 2412.7449407636163 22.666666666666664
85 2412.6909474805716 22.733333333333334
86 2412.6360332874947 22.8
87 2412.5801654671322 22.666666666666664
88 2412.5233100102696 22.466666666666665
89 2412.4654315410075 22.400000000000002
90 2412.4064932431043 22.333333333333332
91 2412.3464567886003 22.333333333333332
92 2412.2852822699742 22.26666666666667
93 2412.2229281375867 22.2
94 2412.1593511444808 22.26666666666667
95 2412.094506300889 22.333333333333332
96 2412.0283468412977 22.400000000000002
97 2411.960824207485 22.6
98 2411.8918880513615 22.53333333333333
99 2411.821486261879 22.6
100 2411.74956502107 22.53333333333333
101 2411.676068894604 22.53333333333333
102 2411.6009409627395 22.666666666666664
103 2411.524122997824 22.733333333333334
104 2411.44555569477 23.066666666666666
105 2411.3651789608884 23.133333333333333
106 2411.2829322705466 23.133333333333333
107 2411.198755089875 23.133333333333333
108 2411.1125873746596 23.133333333333333
109 2411.024370142643 23.133333333333333
110 2410.9340461184383 23.266666666666666
111 2410.8415604453935 23.466666666666665
112 2410.746861454108 23.533333333333335
113 2410.6499014720694 23.466666666666665
114 2410.550637652641 23.599999999999998
115 2410.449032796112 23.466666666666665
116 2410.345056129155 23.333333333333332
117 2410.2386840050126 23.266666666666666
118 2410.129900483165 23.400000000000002
119 2410.018697747128 23.266666666666666
120 2409.905076321445 23.133333333333333
121 2409.789045055345 23.133333333333333
122 2409.67062085019 23.333333333333332
123 2409.5498281211726 23.333333333333332
124 2409.426697999175 23.066666666666666
125 2409.301267294997 23.133333333333333
126 2409.173577264138 23.133333333333333
127 2409.043672223472 23.0
128 2408.9115980807355 23.0
129 2408.7774008417773 22.933333333333334
130 2408.641125159963 23.066666666666666
131 2408.5028129852913 23.466666666666665
132 2408.3625023613986 23.466666666666665
133 2408.220226404776 23.466666666666665
134 2408.076012487283 23.599999999999998
135 2407.9298816285764 23.533333333333335
136 2407.7818480937176 23.400000000000002
137 2407.6319191808525 23.466666666666665
138 2407.4800951774578 23.533333333333335
139 2407.3263694591105 23.466666666666665
140 2407.17072870342 23.400000000000002
141 2407.0131531917164 23.466666666666665
142 2406.8536171733526 23.533333333333335
143 2406.6920892698654 23.733333333333334
144 2406.5285328999057 23.666666666666668
145 2406.3629067090733 23.799999999999997
146 2406.19516499238 23.799999999999997
147 2406.0252580999386 23.866666666666667
148 2405.853132819414 24.0
149 2405.678732730865 24.0
150 2405.501998531693 23.799999999999997
151 2405.3228683306975 23.799999999999997
152 2405.141277911478 23.733333333333334
153 2404.957160966379 23.599999999999998
154 2404.77044930237 23.666666666666668
155 2404.581073021147 23.733333333333334
156 2404.388960675551 23.866666666666667
157 2404.19403940454 23.866666666666667
158 2403.996235049303 23.933333333333334
159 2403.7954722524937 23.866666666666667
160 2403.591674542786 23.933333333333334
161 2403.384764406852 24.066666666666666
162 2403.174663350355 24.0
163 2402.9612919497667 24.2
164 2402.744569896315 24.133333333333333
165 2402.52441603345 24.266666666666666
166 2402.3007483888227 24.4
167 2402.073484201775 24.53333333333333
168 2401.842539947122 24.73333333333333
169 2401.607831355857 24.8
170 2401.369273433271 24.8
171 2401.1267804749687 25.0
172 2400.8802660809683 25.0
173 2400.6296431681585 24.866666666666667
174 2400.3748239812066 24.933333333333334
175 2400.115720101913 25.0
176 2399.852242456997 25.0
177 2399.5843013242747 25.2
178 2399.311806336994 25.133333333333336
179 2399.0346664862022 25.2
180 2398.7527901209423 25.2
181 2398.466084945903 25.066666666666666
182 2398.1744580164986 25.0
183 2397.8778157308325 25.066666666666666
184 2397.576063818439 25.066666666666666
185 2397.269107325525 25.066666666666666
186 2396.9568505962766 25.0
187 2396.6391972502065 25.066666666666666
188 2396.316050155107 25.266666666666666
189 2395.987311395503 25.4
190 2395.652882236445 25.533333333333335
191 2395.3126630824127 25.4
192 2394.966553431328 25.2
193 2394.614451823542 25.133333333333336
194 2394.256255785882 25.133333333333336
195 2393.891861770718 25.2
196 2393.521165090224 25.0
197 2393.1440598459426 25.0
198 2392.7604388539253 25.0
199 2392.37019356564 24.933333333333334
200 2391.973213985055 25.0
201 2391.5693885822716 25.0
202 2391.158604204065 25.066666666666666
203 2390.7407459819224 25.266666666666666
204 2390.315697238097 25.266666666666666
205 2389.883339390149 25.4
206 2389.4435518547766 25.4
207 2388.9962119513525 25.333333333333336
208 2388.5411948061255 25.466666666666665
209 2388.07837325751 25.533333333333335
210 2387.6076177633704 25.6
211 2387.1287963109367 25.666666666666664
212 2386.6417743301226 25.733333333333334
213 2386.1464146109565 25.6
214 2385.642577225832 25.933333333333337
215 2385.130119457285 25.866666666666667
216 2384.6088957320376 26.066666666666666
217 2384.078757561861 26.0
218 2383.539553491988 26.0
219 2382.9911290575214 26.0
220 2382.433326748609 26.13333333333333
221 2381.8659859846175 26.13333333333333
222 2381.2889430979826 26.333333333333332
223 2380.7020313280163 26.53333333333333
224 2380.105080825078 26.666666666666668
225 2379.4979186653377 26.8
226 2378.8803688765015 26.866666666666667
227 2378.252252474568 26.93333333333333
228 2377.6133875117844 27.066666666666666
229 2376.9635891359517 27.0
230 2376.302669660969 27.066666666666666
231 2375.630438648816 27.133333333333333
232 2374.946703002651 27.133333333333333
233 2374.251267071097 27.333333333333332
234 2373.5439327635518 27.400000000000002
235 2372.8244996761837 27.53333333333333
236 2372.0927652286155 27.53333333333333
237 2371.3485248108054 27.53333333333333
238 2370.5915719399936 27.53333333333333
239 2369.8216984273377 27.666666666666668
240 2369.0386945539162 27.666666666666668
241 2368.2423492556372 27.666666666666668
242 2367.4324503168245 27.800000000000004
243 2366.6087845719494 27.800000000000004
244 2365.771138115079 28.133333333333333
245 2364.919296516677 28.066666666666666
246 2364.0530450471547 28.133333333333333
247 2363.172168906775 28.199999999999996
248 2362.2764534613666 28.066666666666666
249 2361.3656844832512 28.000000000000004
250 2360.4396483969026 28.000000000000004
251 2359.4981325286185 28.000000000000004
252 2358.540925359728 28.199999999999996
253 2357.5678167825586 28.333333333333332
254 2356.5785983585106 28.4
255 2355.573063577594 28.4
256 2354.5510081185253 28.4
257 2353.5122301088472 28.666666666666668
258 2352.4565303840523 28.733333333333334
259 2351.383712745081 28.799999999999997
260 2350.293584213239 28.866666666666667
261 2349.1859552817955 28.933333333333334
262 2348.0606401634136 28.933333333333334
263 2346.9174570325363 28.999999999999996
264 2345.7562282619806 28.799999999999997
265 2344.576780652918 28.933333333333334
266 2343.3789456575137 28.799999999999997
267 2342.1625595934916 28.799999999999997
268 2340.9274638499105 28.933333333333334
269 2339.6735050837046 29.133333333333333
270 2338.400535406241 29.06666666666667
271 2337.1084125595908 29.4
272 2335.7970000820324 29.666666666666668
273 2334.4661674625395 30.0
274 2333.11579028406 30.133333333333333
275 2331.7457503553237 30.2
276 2330.3559358313646 30.333333333333336
277 2328.9462413226934 30.266666666666666
278 2327.5165679932356 30.466666666666665
279 2326.0668236474794 30.666666666666664
280 2324.596922806974 30.599999999999998
281 2323.1067867767124 30.8
282 2321.596343701898 30.933333333333334
283 2320.0655286156148 31.133333333333336
284 2318.5142834781304 31.266666666666666
285 2316.9425572084606 31.466666666666665
286 2315.3503057089624 31.466666666666665
287 2313.737491883798 31.666666666666664
288 2312.1040856520417 31.6
289 2310.450063956265 31.733333333333334
290 2308.775410767523 31.733333333333334
291 2307.08011708759 31.8
292 2305.3641809492174 31.933333333333337
293 2303.627607415414 32.2
294 2301.8704085784398 32.266666666666666
295 2300.0926035593156 32.53333333333333
296 2298.294218508643 32.666666666666664
297 2296.4752866093713 32.6
298 2294.635848082161 32.86666666666667
299 2292.775950193851 32.86666666666667
300 2290.895647269515 32.86666666666667
301 2288.9950007085254 32.86666666666667
302 2287.0740790048285 32.86666666666667
303 2285.1329577716797 33.0
304 2283.1717197707976 33.13333333333333
305 2281.190454946031 33.4
306 2279.189260461182 33.53333333333333
307 2277.168240741804 33.46666666666667
308 2275.127507520459 33.6
309 2273.067179884935 33.733333333333334
310 2270.987384328575 33.666666666666664
311 2268.88825480202 33.666666666666664
312 2266.7699327653477 33.6
313 2264.6325672394796 33.666666666666664
314 2262.4763148556917 33.666666666666664
315 2260.3013399018882 33.733333333333334
316 2258.1078143643126 34.06666666666667
317 2255.895917963114 34.333333333333336
318 2253.6658381802927 34.4
319 2251.417770278507 34.4
320 2249.1519173089464 34.4
321 2246.8684901069587 34.599999999999994
322 2244.5677072735257 34.93333333333333
323 2242.2497951414066 34.93333333333333
324 2239.9149877241666 35.06666666666667
325 2237.563526646903 35.13333333333333
326 2235.195661057431 35.53333333333333
327 2232.8116475166935 35.6
328 2230.411749867535 35.86666666666667
329 2227.9962390810283 36.199999999999996
330 2225.56539307974 36.4
331 2223.119496537632 36.4
332 2220.658840656352 36.6
333 2218.1837229180123 36.733333333333334
334 2215.6944468148026 36.8
335 2213.1913215558693 36.86666666666667
336 2210.6746617523568 37.0
337 2208.1447870814172 37.2
338 2205.6020219306306 37.4
339 2203.0466950240407 37.53333333333334
340 2200.479139031534 37.46666666666666
341 2197.8996901633122 37.733333333333334
342 2195.308687751375 37.666666666666664
343 2192.7064738201293 37.93333333333334
344 2190.0933926482826 38.06666666666666
345 2187.469790324246 38.333333333333336
346 2184.8360142974775 38.4
347 2182.1924129279787 38.46666666666667
348 2179.539335036455 38.46666666666667
349 2176.8771294573758 38.53333333333334
350 2174.2061445972877 38.733333333333334
351 2171.526728000612 39.0
352 2168.8392259249995 39.266666666666666
353 2166.1439829284163 39.46666666666667
354 2163.4413414696596 39.46666666666667
355 2160.7316415242262 39.53333333333333
356 2158.01522021702 39.666666666666664
357 2155.2924114733587 39.800000000000004
358 2152.5635456894584 40.0
359 2149.8289494235496 40.13333333333333
360 2147.0889451083603 40.13333333333333
361 2144.34385078569 40.2
362 2141.5939798635477 40.266666666666666
363 2138.839640896153 40.400000000000006
364 2136.0811373868423 40.53333333333333
365 2133.318767613922 40.6
366 2130.5528244790976 40.8
367 2127.7835953782437 41.0
368 2125.011362093875 41.13333333333333
369 2122.2364007086485 41.333333333333336
370 2119.4589815392405 41.6
371 2116.679369089566 41.53333333333333
372 2113.8978220224353 41.733333333333334
373 2111.1145931485744 41.66666666666667
374 2108.3299294318845 41.733333333333334
375 2105.5440720097445 41.733333333333334
376 2102.7572562271716 41.733333333333334
377 2099.969711683545 41.66666666666667
378 2097.181662290682 41.6
379 2094.3933263409704 41.733333333333334
380 2091.604916584323 41.8
381 2088.8166403127125 41.86666666666667
382 2086.0286994510866 42.199999999999996
383 2083.241290653516 42.4
384 2080.4546054034413 42.53333333333333
385 2077.668830116998 42.53333333333333
386 2074.8841462483942 42.66666666666667
387 2072.100730396462 42.66666666666667
388 2069.3187544115412 42.66666666666667
389 2066.5383855018767 42.93333333333334
390 2063.7597863389574 43.2
391 2060.983115161085 43.4
392 2058.208525874788 43.46666666666666
393 2055.436168153517 43.4
394 2052.6661875334266 43.53333333333333
395 2049.898725505876 43.666666666666664
396 2047.1339196065085 44.0
397 2044.3719035007668 43.93333333333334
398 2041.612807065876 44.06666666666666
399 2038.8567564691757 44.2
400 2036.1038742430019 44.53333333333334
401 2033.3542793561949 44.86666666666667
402 2030.6080872823372 45.0
403 2027.8654100650178 45.13333333333333
404 2025.1263563802809 45.13333333333333
405 2022.3910315965309 45.4
406 2019.6595378321583 45.4
407 2016.9319740111466 45.53333333333333
408 2014.2084359169314 45.800000000000004
409 2011.489016244819 45.800000000000004
410 2008.7738046531647 46.0
411 2006.0628878135844 46.266666666666666
412 2003.3563494604425 46.2
413 2000.654270439769 46.266666666666666
414 1997.9567287578543 46.2
415 1995.2637996296019 46.266666666666666
416 1992.5755555267638 46.53333333333333
417 1989.892066226247 46.53333333333333
418 1987.2133988583398 46.666666666666664
419 1984.539617955144 46.733333333333334
420 1981.8707854989636 47.06666666666667
421 1979.2069609708033 47.266666666666666
422 1976.5482013987894 47.333333333333336
423 1973.8945614065071 47.4
424 1971.246093261104 47.4
425 1968.6028469210917 47.599999999999994
426 1965.96487008363 47.66666666666667
427 1963.3322082312473 47.733333333333334
428 1960.7049046777424 47.599999999999994
429 1958.0830006132362 47.8
430 1955.4665351480874 47.733333333333334
431 1952.85554535564 47.66666666666667
432 1950.2500663136013 47.66666666666667
433 1947.6501311439738 47.66666666666667
434 1945.0557710513556 47.93333333333333
435 1942.4670153596057 48.199999999999996
436 1939.8838915467618 48.266666666666666
437 1937.3064252781335 48.333333333333336
438 1934.7346404375915 48.4
439 1932.1685591570333 48.66666666666667
440 1929.6082018440127 48.733333333333334
441 1927.0535872076302 49.0
442 1924.504732282736 49.2
443 1921.9616524525015 49.2
444 1919.424361469522 49.06666666666666
445 1916.892871475561 49.2
446 1914.3671930201 49.266666666666666
447 1911.8473350778395 49.2
448 1909.333305065374 49.333333333333336
449 1906.8251088571828 49.4
450 1904.3227508012171 49.46666666666666
451 1901.826233734195 49.6
452 1899.3355589968794 49.666666666666664
453 1896.8507264495788 49.733333333333334
454 1894.3717344879847 49.86666666666667
455 1891.898580059633 49.93333333333334
456 1889.4312586811443 50.0
457 1886.9697644564587 50.13333333333333
458 1884.514090096211 50.33333333333333
459 1882.0642269383895 50.53333333333333
460 1879.6201649705013 50.53333333333333
461 1877.1818928532816 50.6
462 1874.7493979460805 50.66666666666667
463 1872.322666334074 50.66666666666667
464 1869.9016828572956 50.866666666666674
465 1867.486431141576 50.866666666666674
466 1865.0768936314319 51.0
467 1862.6730516249145 51.0
468 1860.274885310408 51.13333333333333
469 1857.882373805375 51.26666666666667
470 1855.4954951969885 51.2
471 1853.1142265846568 51.26666666666667
472 1850.7385441242832 51.33333333333333
473 1848.3684230742708 51.46666666666667
474 1846.0038378431555 51.6
475 1843.644762038707 51.53333333333333
476 1841.2911685184458 51.6
477 1838.9430294414403 51.733333333333334
478 1836.6003163211533 51.733333333333334
479 1834.263000079341 51.733333333333334
480 1831.9310511006615 51.733333333333334
481 1829.6044392879505 51.733333333333334
482 1827.2831341178892 51.800000000000004
483 1824.9671046968967 52.0
484 1822.6563198170602 52.13333333333333
485 1820.3507480117905 52.26666666666666
486 1818.050357611028 52.26666666666666
487 1815.7551167958038 52.33333333333333
488 1813.4649936517558 52.33333333333333
489 1811.1799562214646 52.53333333333333
490 1808.8999725552958 52.400000000000006
491 1806.625010760433 52.53333333333333
492 1804.3550390479081 52.53333333333333
493 1802.0900257772596 52.733333333333334
494 1799.829939498629 52.733333333333334
495 1797.5747489919322 52.86666666666666
496 1795.324423302961 52.86666666666666
497 1793.0789317760502 53.2
498 1790.8382440831472 53.266666666666666
499 1788.6023302490632 53.400000000000006
500 1786.371160672716 53.6
501 1784.1447061441716 53.666666666666664
502 1781.9229378573746 53.733333333333334
503 1779.7058274184922 53.800000000000004
504 1777.493346849735 53.800000000000004
505 1775.2854685887228 53.800000000000004
506 1773.0821654833185 53.93333333333333
507 1770.8834107820132 53.93333333333333
508 1768.6891781200075 54.2
509 1766.499441501042 54.46666666666666
510 1764.314175275228 54.666666666666664
511 1762.133354113067 54.666666666666664
512 1759.9569529759258 54.800000000000004
513 1757.7849470832887 54.800000000000004
514 1755.617311877108 54.800000000000004
515 1753.4540229836657 54.86666666666666
516 1751.295056173283 54.86666666666666
517 1749.1403873184415 54.733333333333334
518 1746.989992350623 54.800000000000004
519 1744.8438472165044 54.733333333333334
520 1742.7019278339192 54.666666666666664
521 1740.5642100481448 54.800000000000004
522 1738.4306695890068 54.86666666666666
523 1736.3012820294025 55.00000000000001
524 1734.176022745676 54.93333333333334
525 1732.0548668804659 54.86666666666666
526 1729.9377893084352 55.00000000000001
527 1727.824764605495 55.06666666666666
528 1725.7157670218705 55.13333333333333
529 1723.6107704595577 55.266666666666666
530 1721.5097484544708 55.2
531 1719.4126741637474 55.2
532 1717.319520358433 55.333333333333336
533 1715.2302594219211 55.333333333333336
534 1713.144863354216 55.400000000000006
535 1711.0633037822975 55.400000000000006
536 1708.9855519765927 55.46666666666666
537 1706.9115788735967 55.46666666666666
538 1704.841355104586 55.400000000000006
539 1702.7748510302506 55.46666666666666
540 1700.712036781109 55.46666666666666
541 1698.652882303404 55.60000000000001
542 1696.597357410126 55.666666666666664
543 1694.545431836707 55.733333333333334
544 1692.4970753010493 55.86666666666667
545 1690.452257567204 55.93333333333334
546 1688.4109485121887 56.2
547 1686.3731181953176 56.266666666666666
548 1684.3387369293591 56.266666666666666
549 1682.3077753528403 56.333333333333336
550 1680.2802045027418 56.333333333333336
551 1678.2559958869629 56.266666666666666
552 1676.235121555679 56.333333333333336
553 1674.2175541709787 56.599999999999994
554 1672.203267074067 56.666666666666664
555 1670.1922343492527 56.8
556 1668.1844308842149 56.733333333333334
557 1666.1798324257488 56.93333333333334
558 1664.178415630605 56.99999999999999
559 1662.180158110688 56.99999999999999
560 1660.1850384723048 56.93333333333334
561 1658.193036348922 56.99999999999999
562 1656.2041324271145 57.06666666666666
563 1654.2183084653543 57.13333333333333
564 1652.2355473054483 57.266666666666666
565 1650.2558328763619 57.4
566 1648.2791501903412 57.4
567 1646.3054853312976 57.666666666666664
568 1644.3348254353832 57.666666666666664
569 1642.3671586639016 57.8
570 1640.4024741686133 58.06666666666666
571 1638.4407620496524 58.06666666666666
572 1636.4820133063536 58.13333333333334
573 1634.526219781183 58.13333333333334
574 1632.573374097284 58.199999999999996
575 1630.6234695899655 58.199999999999996
576 1628.6765002326058 58.199999999999996
577 1626.7324605576573 58.333333333333336
578 1624.791345573099 58.46666666666667
579 1622.8531506751674 58.46666666666667
580 1620.9178715578985 58.4
581 1618.9855041202986 58.4
582 1617.0560443716852 58.53333333333334
583 1615.1294883361738 58.8
584 1613.205831956896 58.93333333333334
585 1611.2850710007567 58.93333333333334
586 1609.3672009645516 59.0
587 1607.4522169831182 59.06666666666667
588 1605.540113740316 59.13333333333334
589 1603.6308853835 59.199999999999996
590 1601.7245254421796 59.199999999999996
591 1599.8210267514974 59.266666666666666
592 1597.920381381096 59.4
593 1596.0225805698833 59.4
594 1594.1276146671937 59.4
595 1592.235473080672 59.53333333333334
596 1590.3461442312473 59.66666666666667
597 1588.4596155154138 59.599999999999994
598 1586.5758732749143 59.599999999999994
599 1584.6949027739927 59.8
600 1582.816688184092 59.73333333333334
601 1580.941212575921 59.73333333333334
602 1579.0684579187264 59.73333333333334
603 1577.1984050864262 59.8
604 1575.3310338702595 59.86666666666667
605 1573.4663229975524 60.0
606 1571.604250155989 60.333333333333336
607 1569.744792022893 60.4
608 1567.8879242988764 60.46666666666667
609 1566.0336217450897 60.66666666666667
610 1564.1818582234648 60.8
611 1562.3326067391013 60.66666666666667
612 1560.485839484141 60.8
613 1558.6415278822508 61.06666666666667
614 1556.7996426330562 61.0
615 1554.9601537557492 61.06666666666667
616 1553.1230306311754 61.199999999999996
617 1551.2882420417704 61.199999999999996
618 1549.4557562087143 61.199999999999996
619 1547.6255408258153 61.33333333333333
620 1545.7975630896117 61.53333333333333
621 1543.9717897253954 61.6
622 1542.1481870087173 61.6
623 1540.3267207823744 61.53333333333333
624 1538.507356468542 61.53333333333333
625 1536.6900590761647 61.66666666666667
626 1534.8747932036304 61.73333333333333
627 1533.0615230368294 61.73333333333333
628 1531.2502123428653 62.06666666666667
629 1529.4408244596673 62.0
630 1527.6333222819007 62.0
631 1525.827668243555 62.133333333333326
632 1524.0238242976225 62.133333333333326
633 1522.221751893477 62.2
634 1520.421411952345 62.2
635 1518.6227648414135 62.2
636 1516.8257703471597 62.133333333333326
637 1515.0303876483902 62.133333333333326
638 1513.2365752894032 62.133333333333326
639 1511.4442911538865 62.133333333333326
640 1509.6534924398434 62.26666666666667
641 1507.8641356359728 62.4
642 1506.0761764998663 62.6
643 1504.2895700381532 62.66666666666667
644 1502.5042704889397 62.66666666666667
645 1500.7202313065495 62.66666666666667
646 1498.9374051486154 62.66666666666667
647 1497.1557438656068 62.73333333333333
648 1495.3751984925625 62.73333333333333
649 1493.595719242925 62.8
650 1491.817255504303 62.6
651 1490.039755835815 62.46666666666667
652 1488.2631679667181 62.53333333333333
653 1486.487438796017 62.66666666666667
654 1484.7125143926164 62.66666666666667
655 1482.9383399956916 62.66666666666667
656 1481.1648600149194 62.53333333333333
657 1479.3920180301789 62.6
658 1477.6197567904928 62.6
659 1475.848018211951 62.53333333333333
660 1474.0767433743872 62.46666666666667
661 1472.305872516832 62.53333333333333
662 1470.5353450316804 62.53333333333333
663 1468.7650994576138 62.6
664 1466.995073471625 62.66666666666667
665 1465.2252038802371 62.866666666666674
666 1463.455426610408 62.93333333333333
667 1461.6856767004786 62.93333333333333
668 1459.915888291595 62.93333333333333
669 1458.145994620119 62.93333333333333
670 1456.3759280114452 62.8
671 1454.6056198755653 62.93333333333333
672 1452.8350007047786 63.0
673 1451.0640000736519 63.06666666666667
674 1449.292546641289 63.26666666666667
675 1447.5205681558257 63.26666666666667
676 1445.7479914607973 63.33333333333333
677 1443.9747425029625 63.33333333333333
678 1442.2007463409855 63.6
679 1440.4259271542076 63.66666666666667
680 1438.6502082508807 63.733333333333334
681 1436.8735120750064 63.733333333333334
682 1435.095760211326 63.800000000000004
683 1433.3168733879907 63.800000000000004
684 1431.5367714771146 63.800000000000004
685 1429.7553734934354 63.733333333333334
686 1427.9725975923973 64.0
687 1426.188361069273 64.06666666666668
688 1424.4025803617933 64.06666666666668
689 1422.6151710595368 64.2
690 1420.826047923965 64.4
691 1419.0351249235928 64.60000000000001
692 1417.242315289289 64.66666666666666
693 1415.4475315948382 64.8
694 1413.6506858678774 65.0
695 1411.8516897359295 65.13333333333333
696 1410.0504546116963 65.13333333333333
697 1408.2468919204728 65.33333333333333
698 1406.4409133716422 65.33333333333333
699 1404.6324312744168 65.4
700 1402.8213588965236 65.46666666666667
701 1401.0076108628014 65.53333333333333
702 1399.1911035892172 65.66666666666666
703 1397.371755746219 65.73333333333333
704 1395.5494887443608 65.8
705 1393.7242272342826 65.86666666666666
706 1391.8958996125502 65.93333333333334
707 1390.0644385248677 65.86666666666666
708 1388.229781358316 65.86666666666666
709 1386.3918707147088 65.8
710 1384.5506548579087 65.86666666666666
711 1382.7060881286109 65.86666666666666
712 1380.8581313210407 65.86666666666666
713 1379.0067520167365 66.0
714 1377.1519248713023 65.86666666666666
715 1375.2936318506693 66.0
716 1373.4318624138325 66.13333333333333
717 1371.5666136394452 66.26666666666667
718 1369.6978902938704 66.53333333333333
719 1367.8257048386213 66.60000000000001
720 1365.9500773752309 66.73333333333333
721 1364.071035526062 66.8
722 1362.1886142497174 66.86666666666666
723 1360.302855590545 67.06666666666666
724 1358.4138083621644 67.13333333333334
725 1356.5215277660293 67.2
726 1354.6260749469648 67.2
727 1352.7275164889938 67.33333333333333
728 1350.8259238559006 67.33333333333333
729 1348.9213727824294 67.53333333333333
730 1347.0139426233495 67.66666666666666
731 1345.103715668634 67.80000000000001
732 1343.190776434116 67.73333333333333
733 1341.275210937446 67.73333333333333
734 1339.3571059695473 67.73333333333333
735 1337.436548371516 67.86666666666666
736 1335.5136243264665 67.93333333333334
737 1333.588418674677 68.0
738 1331.6610142593915 68.06666666666666
739 1329.7314913089633 68.0
740 1327.7999268597243 68.13333333333334
741 1325.8663942223284 68.26666666666667
742 1323.930962493321 68.26666666666667
743 1321.9936961127605 68.33333333333333
744 1320.0546544682286 68.26666666666667
745 1318.113891545906 68.33333333333333
746 1316.1714556300233 68.46666666666667
747 1314.2273890535846 68.53333333333333
748 1312.2817280054776 68.73333333333333
749 1310.3345024024413 68.93333333333334
750 1308.3857358386608 68.93333333333334
751 1306.4354456313063 69.19999999999999
752 1304.4836429872971 69.19999999999999
753 1302.530333324523 69.33333333333334
754 1300.575516789541 69.39999999999999
755 1298.6191890220648 69.39999999999999
756 1296.6613422232185 69.53333333333333
757 1294.7019665867097 69.66666666666667
758 1292.741052146794 69.66666666666667
759 1290.778591081124 69.6
760 1288.814580475858 69.66666666666667
761 1286.849025513484 69.8
762 1284.881942979217 69.73333333333333
763 1282.9133649035412 69.66666666666667
764 1280.9433420731102 70.0
765 1278.9719470620787 70.13333333333334
766 1276.999276376116 70.19999999999999
767 1275.0254512780634 70.26666666666667
768 1273.0506168918753 70.33333333333334
769 1271.0749392676676 70.39999999999999
770 1269.098600234969 70.46666666666667
771 1267.121790063412 70.46666666666667
772 1265.1446981720237 70.39999999999999
773 1263.167502356408 70.46666666666667
774 1261.1903572114943 70.39999999999999
775 1259.213382589485 70.46666666666667
776 1257.2366530223653 70.6
777 1255.2601890335675 70.73333333333333
778 1253.2839511504806 70.73333333333333
779 1251.3078372080856 70.86666666666666
780 1249.331683225336 71.0
781 1247.3552677791372 70.93333333333334
782 1245.378319451191 71.0
783 1243.4005266372426 71.06666666666666
784 1241.4215488337288 71.0
785 1239.4410284792075 71.06666666666666
786 1237.4586025260223 71.06666666666666
787 1235.4739131239924 71.33333333333334
788 1233.486617064057 71.39999999999999
789 1231.4963938959843 71.53333333333333
790 1229.5029528387515 71.46666666666667
791 1227.5060386921432 71.46666666666667
792 1225.505436892545 71.6
793 1223.5009776145396 71.66666666666667
794 1221.4925384070552 71.73333333333333
795 1219.4800443210718 71.86666666666667
796 1217.4634639687965 71.93333333333334
797 1215.442799699271 71.93333333333334
798 1213.4180704246526 71.86666666666667
799 1211.3892868908106 72.0
800 1209.3564213825425 72.0
801 1207.319376519967 72.06666666666666
802 1205.2779600154856 72.2
803 1203.2318730368575 72.2
804 1201.1807186546287 72.13333333333334
805 1199.1240340093264 72.39999999999999
806 1197.0613462188298 72.39999999999999
807 1194.9922487122158 72.46666666666667
808 1192.916492236154 72.53333333333333
809 1190.8340829564129 72.39999999999999
810 1188.7453776198042 72.46666666666667
811 1186.6511608953983 72.46666666666667
812 1184.5526817597804 72.6
813 1182.451616196102 72.86666666666667
814 1180.3499209274928 73.0
815 1178.2495632615746 73.06666666666666
816 1176.1521700414085 73.06666666666666
817 1174.0587225760494 73.13333333333333
818 1171.969471718063 73.13333333333333
819 1169.8841732641558 73.13333333333333
820 1167.8025469747006 73.13333333333333
821 1165.724689295883 73.46666666666667
822 1163.651189485636 73.66666666666667
823 1161.5829031207277 73.73333333333333
824 1159.5205478962864 73.8
825 1157.4643546332977 73.93333333333332
826 1155.4139287534426 74.0
827 1153.3683456881015 74.0
828 1151.3264038129048 74.0
829 1149.28692393505 74.13333333333333
830 1147.249003241368 74.26666666666667
831 1145.212174916171 74.26666666666667
832 1143.1764679250375 74.4
833 1141.1423909160226 74.4
834 1139.1108741316468 74.6
835 1137.0831949648627 74.6
836 1135.0608946841087 74.53333333333333
837 1133.045678045738 74.6
838 1131.0392843116176 74.8
839 1129.0433307760363 74.86666666666667
840 1127.0591493507518 74.93333333333332
841 1125.0876427192602 74.93333333333332
842 1123.1291674300762 75.0
843 1121.183434584693 75.06666666666668
844 1119.2494511446785 75.2
845 1117.3255827396986 75.26666666666667
846 1115.409798978176 75.33333333333333
847 1113.500041364379 75.26666666666667
848 1111.5945595511548 75.4
849 1109.6920938631426 75.33333333333333
850 1107.7918872300675 75.46666666666667
851 1105.893585398271 75.46666666666667
852 1103.9970974185117 75.53333333333333
853 1102.1024655623066 75.53333333333333
854 1100.2097665182214 75.6
855 1098.3190476130471 75.66666666666667
856 1096.430293413879 75.73333333333333
857 1094.5434157153672 75.93333333333334
858 1092.6582602381463 76.0
859 1090.7746243769125 76.06666666666668
860 1088.8922811960558 76.0
861 1087.0110053986932 76.0
862 1085.1305972786386 76.2
863 1083.2509007965612 76.26666666666667
864 1081.3718119200746 76.4
865 1079.4932733216936 76.33333333333333
866 1077.6152519290513 76.4
867 1075.7376978082225 76.4
868 1073.860487894841 76.46666666666667
869 1071.983366526615 76.46666666666667
870 1070.1059034884233 76.46666666666667
871 1068.2274913970718 76.66666666666667
872 1066.3473883087534 76.8
873 1064.464779444729 76.93333333333334
874 1062.5788111110814 77.0
875 1060.6885910228282 77.26666666666667
876 1058.793277462633 77.26666666666667
877 1056.8925289670328 77.33333333333333
878 1054.9876601556484 77.4
879 1053.0839336198283 77.33333333333333
880 1051.1945313151707 77.46666666666667
881 1049.344910903468 77.53333333333333
882 1047.566538466389 77.66666666666666
883 1045.863622741665 77.73333333333333
884 1044.180866832765 77.73333333333333
885 1042.451007363125 78.0
886 1040.6874052506248 78.13333333333333
887 1039.0486313849806 78.13333333333333
888 1037.8145533464813 78.26666666666667
889 1036.9748671734735 78.26666666666667
890 1034.944897321169 78.4
891 1034.4066027904446 78.53333333333333
892 1033.1841696733827 78.66666666666666
893 1031.7136267979527 78.73333333333333
894 1031.2438881276973 78.53333333333333
895 1028.3317454910277 78.73333333333333
896 1026.0678992225548 78.53333333333333
897 1023.6738746883402 78.60000000000001
898 1023.5444357395487 78.4
899 1020.9366391203129 78.46666666666667
900 1018.1288360881399 78.66666666666666
901 1015.5939697218137 78.8
902 1013.0424554557798 78.93333333333334
903 1010.833586049262 78.93333333333334
904 1008.645827448026 78.93333333333334
905 1006.578113049194 78.93333333333334
906 1004.623277029161 78.93333333333334
907 1002.8186990011616 79.06666666666666
908 1001.1870766212963 79.06666666666666
909 999.6924725000753 79.0
910 998.2604642348113 79.06666666666666
911 996.8060237299978 79.13333333333334
912 995.2828449165512 79.13333333333334
913 993.6920703716638 79.06666666666666
914 992.0722534586394 79.26666666666667
915 990.3994841637618 79.13333333333334
916 988.6122747143286 79.2
917 986.9437730462878 79.13333333333334
918 985.3864365624686 79.13333333333334
919 983.901381279418 79.2
920 982.5589900253067 79.13333333333334
921 981.1680213093917 79.26666666666667
922 979.4179151460929 79.2
923 977.3078338583915 79.26666666666667
924 975.1042968387504 79.2
925 972.9840909092512 79.46666666666667
926 970.8747997842886 79.46666666666667
927 968.7736414939619 79.53333333333333
928 966.713438391273 79.60000000000001
929 964.6971411323411 79.80000000000001
930 962.7153600553522 79.80000000000001
931 960.7539599731199 79.80000000000001
932 958.7996782313487 79.86666666666666
933 956.8319538059478 79.93333333333334
934 954.8309121895587 79.93333333333334
935 952.8740506432605 80.2
936 951.1665604795385 80.26666666666667
937 949.2805735155305 80.4
938 947.3048472921911 80.53333333333333
939 945.4910130464605 80.53333333333333
940 943.794119826336 80.53333333333333
941 942.1987160226125 80.60000000000001
942 940.6786689729656 80.53333333333333
943 939.1737380590873 80.53333333333333
944 937.606497715091 80.66666666666666
945 935.96223245655 80.73333333333333
946 934.3310160799283 80.66666666666666
947 932.8079544556272 80.86666666666666
948 931.3597352571262 80.80000000000001
949 929.8435605016831 80.86666666666666
950 928.318766195914 80.86666666666666
951 926.8494489902042 80.86666666666666
952 925.5419643289409 80.93333333333334
953 924.8653498037979 81.06666666666666
954 940.9113706298162 80.33333333333333
955 924.1443850039074 80.93333333333334
956 921.7215445097052 81.2
957 925.4290995568517 81.13333333333334
958 917.4597793801863 81.2
959 915.7917180738725 81.13333333333334
960 914.0894642752095 81.13333333333334
961 912.4189931171427 81.26666666666667
962 910.7638737430042 81.33333333333333
963 909.157823450277 81.39999999999999
964 907.6377960927482 81.6
965 906.1797380866209 81.46666666666667
966 904.7296855798063 81.66666666666667
967 903.2396471241011 81.8
968 901.68686585116 81.86666666666666
969 900.0745054565177 82.0
970 898.4298805588581 82.13333333333334
971 896.7954011435629 82.19999999999999
972 895.2003852180893 82.33333333333334
973 893.6521128664434 82.33333333333334
974 892.1559918055909 82.33333333333334
975 890.7237204501545 82.26666666666667
976 889.3572803006049 82.33333333333334
977 888.0698931229043 82.26666666666667
978 887.033490988593 82.33333333333334
979 886.0983495835305 82.33333333333334
980 884.865773564339 82.39999999999999
981 883.5998589838472 82.39999999999999
982 882.0482666250505 82.53333333333333
983 880.4746359816077 82.6
984 878.9768806937146 82.66666666666667
985 877.4028913890954 82.73333333333333
986 875.713354211037 82.93333333333334
987 873.7881925050937 83.0
988 872.5748039362212 83.0
989 875.8111175645627 82.6
990 869.2276902670695 82.93333333333334
991 903.2798889755571 81.73333333333333
992 865.582604209197 82.73333333333333
993 891.9513944847905 82.06666666666666
994 880.4471142143198 82.39999999999999
995 868.8706842398958 82.73333333333333
996 858.5230634655109 83.0
997 856.3085221844756 83.2
